# File generated by CMD 2.5 (http://stev.oapd.inaf.it/cmd) on Mon Aug  4 23:51:38 CEST 2014
# PARSEC isochrones, release v1.1
# Basic reference: Bressan et al. (2012), MNRAS, 427, 127
# Warning: the TP-AGB phase is not included! TP-AGB tracks are in preparation by Marigo et al.
# Photometric system: <i>UBVRIJHK</i> (cf. Maiz-Apellaniz 2006 + Bessell 1990)
# BCs of Carbon stars derive from Loidl et al. (2001, A&A 342, 531)
# O-rich circumstellar dust ignored
# C-rich circumstellar dust ignored
# IMF: Chabrier (2001) lognormal 
# On RGB, assumed Reimers mass loss with efficiency eta=0.2
# Kind of output: isochrone tables
#	Isochrone  Z = 0.00100	Y = 0.25000	[M/H] = -1.190	eta_R = 0.200	Age = 	1.0500e+10 yr
#      Z	log(age/yr)	M_ini   	M_act	logL/Lo	logTe	logG	mbol    U       B       V       R       I       J       H       K	int_IMF	stage
	0.001000	10.0212	0.10000000	0.1000	-2.7516	3.5694	5.4131	11.649	15.746	14.323	12.778	11.798	10.977	9.994	9.418	9.226	1.57040203	0
	0.001000	10.0212	0.12000000	0.1200	-2.4555	3.5969	5.3064	10.909	14.034	13.078	11.767	10.909	10.207	9.321	8.741	8.562	1.74782515	0
	0.001000	10.0212	0.14000000	0.1400	-2.2780	3.6086	5.2425	10.465	13.349	12.485	11.241	10.428	9.761	8.909	8.326	8.157	1.89584959	0
	0.001000	10.0212	0.16000000	0.1600	-2.1396	3.6159	5.1911	10.119	12.886	12.058	10.850	10.064	9.416	8.583	7.998	7.835	2.02115250	0
	0.001000	10.0212	0.20000000	0.2000	-1.9290	3.6251	5.1143	9.593	12.209	11.429	10.266	9.514	8.890	8.082	7.494	7.339	2.22178221	0
	0.001000	10.0212	0.25000000	0.2500	-1.7395	3.6326	5.0517	9.119	11.614	10.873	9.745	9.021	8.417	7.628	7.044	6.899	2.40809011	0
	0.001000	10.0212	0.28878060	0.2888	-1.6264	3.6371	5.0194	8.836	11.258	10.541	9.434	8.726	8.134	7.358	6.776	6.636	2.51939416	0
	0.001000	10.0212	0.30000001	0.3000	-1.5966	3.6383	5.0109	8.761	11.163	10.454	9.352	8.648	8.060	7.286	6.705	6.567	2.54750419	0
	0.001000	10.0212	0.34999999	0.3500	-1.4805	3.6432	4.9812	8.471	10.793	10.110	9.031	8.346	7.771	7.009	6.429	6.297	2.65552020	0
	0.001000	10.0212	0.38659629	0.3866	-1.3980	3.6468	4.9566	8.265	10.525	9.862	8.802	8.131	7.566	6.813	6.233	6.106	2.72009039	0
	0.001000	10.0212	0.43612123	0.4361	-1.2727	3.6540	4.9123	7.952	10.087	9.472	8.445	7.802	7.255	6.520	5.946	5.828	2.79302788	1
	0.001000	10.0212	0.41509947	0.4151	-1.3284	3.6506	4.9331	8.091	10.286	9.646	8.604	7.949	7.393	6.649	6.070	5.949	2.76388454	1
	0.001000	10.0212	0.44999999	0.4500	-1.2395	3.6560	4.9005	7.869	9.969	9.369	8.351	7.715	7.173	6.443	5.871	5.755	2.81098008	1
	0.001000	10.0212	0.45170289	0.4517	-1.2311	3.6566	4.8964	7.848	9.937	9.341	8.326	7.693	7.152	6.424	5.853	5.738	2.81311727	1
	0.001000	10.0212	0.45737556	0.4573	-1.2127	3.6580	4.8890	7.802	9.866	9.281	8.272	7.644	7.107	6.382	5.813	5.699	2.82013822	1
	0.001000	10.0212	0.46680915	0.4668	-1.1831	3.6603	4.8772	7.728	9.752	9.184	8.184	7.565	7.033	6.315	5.749	5.638	2.83148885	1
	0.001000	10.0212	0.47800046	0.4780	-1.1487	3.6630	4.8640	7.642	9.618	9.070	8.083	7.473	6.948	6.237	5.676	5.567	2.84445333	1
	0.001000	10.0212	0.49038321	0.4903	-1.1110	3.6661	4.8498	7.548	9.470	8.944	7.971	7.372	6.854	6.152	5.596	5.490	2.85820389	1
	0.001000	10.0212	0.50000000	0.4999	-1.0819	3.6685	4.8388	7.475	9.354	8.847	7.884	7.293	6.782	6.087	5.534	5.430	2.86847806	1
	0.001000	10.0212	0.51660681	0.5165	-1.0176	3.6750	4.8146	7.314	9.079	8.620	7.685	7.118	6.622	5.945	5.404	5.307	2.88541698	1
	0.001000	10.0212	0.53464121	0.5346	-0.9475	3.6821	4.7878	7.139	8.782	8.384	7.478	6.931	6.449	5.795	5.270	5.178	2.90271950	1
	0.001000	10.0212	0.55000001	0.5499	-0.8871	3.6883	4.7644	6.988	8.526	8.180	7.299	6.770	6.300	5.665	5.155	5.067	2.91663504	1
	0.001000	10.0212	0.55724263	0.5572	-0.8585	3.6919	4.7560	6.916	8.393	8.078	7.211	6.693	6.230	5.606	5.106	5.020	2.92295313	1
	0.001000	10.0212	0.57488364	0.5748	-0.7892	3.7007	4.7357	6.743	8.072	7.830	6.999	6.506	6.060	5.464	4.985	4.905	2.93773246	1
	0.001000	10.0212	0.59741682	0.5973	-0.7013	3.7120	4.7096	6.523	7.686	7.531	6.747	6.280	5.852	5.289	4.836	4.763	2.95544600	1
	0.001000	10.0212	0.60000002	0.5999	-0.6912	3.7133	4.7066	6.498	7.641	7.496	6.719	6.253	5.828	5.269	4.818	4.746	2.95739889	1
	0.001000	10.0212	0.61618441	0.6160	-0.6251	3.7228	4.6901	6.333	7.336	7.264	6.526	6.082	5.673	5.142	4.713	4.647	2.96929288	1
	0.001000	10.0212	0.63265544	0.6325	-0.5578	3.7325	4.6729	6.164	7.045	7.035	6.339	5.915	5.521	5.015	4.606	4.546	2.98082471	1
	0.001000	10.0212	0.64757866	0.6474	-0.4966	3.7412	4.6567	6.011	6.786	6.829	6.172	5.764	5.384	4.901	4.508	4.454	2.99079323	1
	0.001000	10.0212	0.64999998	0.6498	-0.4866	3.7426	4.6539	5.986	6.745	6.795	6.144	5.740	5.362	4.882	4.492	4.439	2.99236870	1
	0.001000	10.0212	0.66341591	0.6632	-0.4312	3.7497	4.6357	5.848	6.520	6.614	5.994	5.603	5.237	4.775	4.399	4.350	3.00089645	1
	0.001000	10.0212	0.67823946	0.6780	-0.3695	3.7573	4.6138	5.694	6.297	6.421	5.833	5.456	5.101	4.657	4.294	4.249	3.00993824	1
	0.001000	10.0212	0.69176704	0.6915	-0.3125	3.7639	4.5920	5.551	6.095	6.246	5.684	5.320	4.975	4.547	4.195	4.154	3.01786137	1
	0.001000	10.0212	0.69999999	0.6997	-0.2772	3.7678	4.5776	5.463	5.973	6.138	5.593	5.236	4.897	4.478	4.133	4.094	3.02253795	1
	0.001000	10.0212	0.70455301	0.7042	-0.2575	3.7698	4.5685	5.414	5.906	6.079	5.542	5.188	4.852	4.438	4.096	4.059	3.02507877	1
	0.001000	10.0212	0.71464950	0.7143	-0.2130	3.7741	4.5472	5.303	5.757	5.946	5.427	5.081	4.751	4.347	4.013	3.978	3.03060126	1
	0.001000	10.0212	0.72410369	0.7237	-0.1705	3.7779	4.5259	5.196	5.626	5.823	5.318	4.979	4.655	4.260	3.933	3.900	3.03563690	1
	0.001000	10.0212	0.73342973	0.7330	-0.1275	3.7817	4.5033	5.089	5.499	5.701	5.209	4.876	4.558	4.171	3.850	3.820	3.04048085	1
	0.001000	10.0212	0.74206483	0.7416	-0.0867	3.7850	4.4808	4.987	5.380	5.585	5.104	4.778	4.465	4.086	3.771	3.742	3.04486060	1
	0.001000	10.0212	0.75000000	0.7495	-0.0478	3.7879	4.4583	4.890	5.268	5.475	5.005	4.684	4.375	4.003	3.693	3.666	3.04879928	1
	0.001000	10.0212	0.75120646	0.7507	-0.0419	3.7884	4.4548	4.875	5.251	5.458	4.990	4.669	4.362	3.990	3.681	3.654	3.04939103	1
	0.001000	10.0212	0.76014465	0.7596	0.0037	3.7915	4.4269	4.761	5.121	5.331	4.874	4.559	4.256	3.892	3.589	3.564	3.05371833	1
	0.001000	10.0212	0.76858473	0.7680	0.0487	3.7944	4.3984	4.648	4.994	5.205	4.759	4.449	4.151	3.793	3.496	3.472	3.05771494	1
	0.001000	10.0212	0.77616233	0.7756	0.0912	3.7970	4.3704	4.542	4.876	5.088	4.650	4.345	4.051	3.700	3.408	3.385	3.06123114	1
	0.001000	10.0212	0.78650653	0.7858	0.1527	3.8003	4.3278	4.388	4.707	4.919	4.493	4.194	3.906	3.562	3.277	3.255	3.06592536	1
	0.001000	10.0212	0.79614395	0.7954	0.2133	3.8030	4.2834	4.237	4.550	4.755	4.338	4.045	3.761	3.424	3.144	3.124	3.07019210	1
	0.001000	10.0212	0.80000001	0.7992	0.2392	3.8039	4.2631	4.172	4.484	4.687	4.273	3.981	3.699	3.364	3.086	3.066	3.07187057	1
	0.001000	10.0212	0.80503339	0.8042	0.2729	3.8051	4.2368	4.088	4.397	4.597	4.187	3.898	3.618	3.285	3.010	2.990	3.07403684	1
	0.001000	10.0212	0.81247526	0.8116	0.3273	3.8063	4.1912	3.952	4.260	4.454	4.048	3.762	3.485	3.155	2.883	2.863	3.07718897	1
	0.001000	10.0212	0.81446141	0.8135	0.3427	3.8065	4.1776	3.913	4.221	4.414	4.009	3.724	3.446	3.117	2.846	2.826	3.07802033	1
	0.001000	10.0212	0.82001328	0.8190	0.3888	3.8062	4.1335	3.798	4.109	4.297	3.893	3.608	3.331	3.000	2.729	2.709	3.08032227	1
	0.001000	10.0212	0.82622904	0.8251	0.4466	3.8039	4.0697	3.653	3.974	4.157	3.749	3.460	3.180	2.844	2.569	2.548	3.08286166	1
	0.001000	10.0212	0.82944036	0.8283	0.4803	3.8016	4.0282	3.569	3.898	4.080	3.666	3.373	3.089	2.748	2.468	2.446	3.08415842	2
	0.001000	10.0212	0.83115977	0.8300	0.5000	3.7996	4.0016	3.520	3.856	4.036	3.618	3.322	3.035	2.689	2.405	2.383	3.08484864	2
	0.001000	10.0212	0.83452737	0.8332	0.5431	3.7935	3.9356	3.412	3.781	3.951	3.514	3.208	2.912	2.551	2.255	2.230	3.08619189	2
	0.001000	10.0212	0.83694965	0.8356	0.5782	3.7857	3.8705	3.324	3.732	3.893	3.432	3.113	2.805	2.425	2.114	2.086	3.08715105	2
	0.001000	10.0212	0.83907831	0.8377	0.6103	3.7751	3.7970	3.244	3.704	3.855	3.362	3.023	2.699	2.293	1.960	1.929	3.08798933	2
	0.001000	10.0212	0.84046584	0.8390	0.6311	3.7660	3.7405	3.192	3.722	3.848	3.320	2.966	2.627	2.199	1.847	1.811	3.08853340	2
	0.001000	10.0212	0.84167951	0.8402	0.6537	3.7562	3.6793	3.136	3.740	3.841	3.276	2.904	2.549	2.096	1.724	1.684	3.08900785	2
	0.001000	10.0212	0.84272832	0.8412	0.6859	3.7478	3.6144	3.055	3.729	3.804	3.207	2.820	2.452	1.978	1.587	1.543	3.08941674	2
	0.001000	10.0212	0.84353256	0.8419	0.7236	3.7425	3.5558	2.961	3.692	3.742	3.122	2.726	2.349	1.860	1.457	1.411	3.08972955	2
	0.001000	10.0212	0.84407359	0.8425	0.7543	3.7395	3.5131	2.884	3.647	3.684	3.051	2.649	2.267	1.770	1.360	1.312	3.08993959	3
	0.001000	10.0212	0.84419578	0.8426	0.7625	3.7389	3.5027	2.864	3.632	3.667	3.031	2.628	2.246	1.747	1.336	1.288	3.08998704	3
	0.001000	10.0212	0.84483892	0.8432	0.8069	3.7361	3.4475	2.753	3.552	3.572	2.925	2.517	2.130	1.623	1.206	1.157	3.09023619	3
	0.001000	10.0212	0.84538066	0.8437	0.8480	3.7340	3.3982	2.650	3.472	3.482	2.826	2.414	2.023	1.511	1.089	1.039	3.09044600	3
	0.001000	10.0212	0.84598184	0.8442	0.8979	3.7320	3.3405	2.525	3.370	3.369	2.705	2.289	1.895	1.377	0.950	0.900	3.09067845	3
	0.001000	10.0212	0.84653741	0.8447	0.9478	3.7301	3.2833	2.400	3.265	3.254	2.583	2.164	1.767	1.244	0.813	0.761	3.09089279	3
	0.001000	10.0212	0.84709477	0.8452	1.0024	3.7283	3.2218	2.264	3.148	3.128	2.450	2.027	1.628	1.099	0.664	0.612	3.09110761	3
	0.001000	10.0212	0.84758836	0.8456	1.0551	3.7266	3.1626	2.132	3.034	3.006	2.321	1.896	1.493	0.960	0.521	0.468	3.09129763	3
	0.001000	10.0212	0.84800708	0.8459	1.1036	3.7251	3.1080	2.011	2.930	2.894	2.203	1.774	1.369	0.832	0.389	0.336	3.09145880	3
	0.001000	10.0212	0.84833479	0.8462	1.1445	3.7238	3.0620	1.909	2.845	2.801	2.104	1.673	1.266	0.724	0.278	0.224	3.09158468	3
	0.001000	10.0212	0.84869766	0.8465	1.1938	3.7222	3.0065	1.786	2.744	2.689	1.985	1.551	1.141	0.594	0.144	0.090	3.09172392	3
	0.001000	10.0212	0.84904456	0.8467	1.2454	3.7204	2.9479	1.656	2.642	2.572	1.860	1.423	1.010	0.458	0.003	-0.052	3.09185696	3
	0.001000	10.0212	0.84935874	0.8469	1.2967	3.7186	2.8895	1.528	2.540	2.457	1.736	1.295	0.879	0.322	-0.138	-0.193	3.09197736	3
	0.001000	10.0212	0.84963298	0.8471	1.3456	3.7169	2.8338	1.406	2.444	2.348	1.619	1.174	0.755	0.193	-0.272	-0.328	3.09208250	3
	0.001000	10.0212	0.84988093	0.8472	1.3938	3.7150	2.7782	1.286	2.352	2.241	1.503	1.055	0.632	0.065	-0.405	-0.461	3.09217739	3
	0.001000	10.0212	0.85000002	0.8472	1.4181	3.7140	2.7500	1.225	2.305	2.187	1.445	0.994	0.570	-0.000	-0.472	-0.529	3.09222293	3
	0.001000	10.0212	0.85001630	0.8472	1.4215	3.7139	2.7462	1.216	2.299	2.180	1.437	0.986	0.562	-0.009	-0.481	-0.538	3.09222913	3
	0.001000	10.0212	0.85022968	0.8473	1.4692	3.7121	2.6913	1.097	2.206	2.074	1.322	0.868	0.440	-0.136	-0.613	-0.670	3.09231067	3
	0.001000	10.0212	0.85042262	0.8473	1.5163	3.7101	2.6361	0.979	2.118	1.972	1.210	0.751	0.320	-0.262	-0.745	-0.803	3.09238434	3
	0.001000	10.0212	0.85059351	0.8473	1.5617	3.7082	2.5831	0.866	2.033	1.873	1.101	0.639	0.204	-0.384	-0.871	-0.930	3.09244967	3
	0.001000	10.0212	0.85075384	0.8473	1.6079	3.7062	2.5289	0.750	1.946	1.774	0.991	0.524	0.087	-0.507	-1.000	-1.060	3.09251094	3
	0.001000	10.0212	0.85090154	0.8472	1.6543	3.7041	2.4741	0.634	1.863	1.675	0.881	0.410	-0.032	-0.632	-1.131	-1.191	3.09256744	3
	0.001000	10.0212	0.85103589	0.8471	1.7005	3.7021	2.4198	0.519	1.780	1.576	0.771	0.295	-0.150	-0.756	-1.260	-1.320	3.09261870	3
	0.001000	10.0212	0.85115033	0.8470	1.7429	3.7000	2.3688	0.413	1.707	1.487	0.671	0.190	-0.259	-0.872	-1.380	-1.442	3.09266233	3
	0.001000	10.0212	0.85126215	0.8469	1.7878	3.6978	2.3153	0.300	1.636	1.396	0.567	0.081	-0.372	-0.992	-1.506	-1.569	3.09270501	3
	0.001000	10.0212	0.85136431	0.8467	1.8319	3.6956	2.2623	0.190	1.569	1.307	0.466	-0.025	-0.483	-1.110	-1.631	-1.694	3.09274387	3
	0.001000	10.0212	0.85145944	0.8465	1.8755	3.6934	2.2097	0.081	1.503	1.219	0.366	-0.131	-0.593	-1.227	-1.755	-1.819	3.09278011	3
	0.001000	10.0212	0.85154808	0.8463	1.9180	3.6912	2.1584	-0.025	1.439	1.135	0.269	-0.233	-0.699	-1.342	-1.875	-1.940	3.09281397	3
	0.001000	10.0212	0.85164076	0.8460	1.9605	3.6889	2.1066	-0.131	1.378	1.051	0.172	-0.336	-0.806	-1.456	-1.997	-2.062	3.09284925	3
	0.001000	10.0212	0.85172665	0.8456	1.9828	3.6879	2.0800	-0.187	1.342	1.005	0.120	-0.390	-0.863	-1.516	-2.059	-2.125	3.09288192	3
	0.001000	10.0212	0.85179096	0.8454	1.9642	3.6893	2.1039	-0.141	1.363	1.038	0.161	-0.346	-0.816	-1.465	-2.004	-2.069	3.09290648	3
	0.001000	10.0212	0.85181350	0.8453	1.9539	3.6900	2.1170	-0.115	1.375	1.057	0.184	-0.321	-0.790	-1.436	-1.974	-2.039	3.09291506	3
	0.001000	10.0212	0.85186088	0.8451	1.9848	3.6883	2.0794	-0.192	1.330	0.996	0.113	-0.396	-0.868	-1.520	-2.062	-2.127	3.09293318	3
	0.001000	10.0212	0.85192472	0.8448	2.0267	3.6860	2.0282	-0.297	1.271	0.915	0.018	-0.497	-0.973	-1.633	-2.182	-2.248	3.09295750	3
	0.001000	10.0212	0.85198498	0.8445	2.0678	3.6837	1.9774	-0.400	1.216	0.837	-0.075	-0.596	-1.077	-1.745	-2.300	-2.367	3.09298038	3
	0.001000	10.0212	0.85204148	0.8441	2.1096	3.6814	1.9263	-0.504	1.161	0.757	-0.170	-0.697	-1.182	-1.858	-2.420	-2.488	3.09300184	3
	0.001000	10.0212	0.85209274	0.8437	2.1502	3.6789	1.8757	-0.605	1.112	0.682	-0.261	-0.794	-1.285	-1.969	-2.538	-2.606	3.09302139	3
	0.001000	10.0212	0.85214108	0.8433	2.1914	3.6765	1.8247	-0.709	1.061	0.605	-0.354	-0.894	-1.389	-2.081	-2.657	-2.726	3.09303975	3
	0.001000	10.0212	0.85218430	0.8428	2.2313	3.6740	1.7746	-0.808	1.017	0.534	-0.441	-0.988	-1.489	-2.189	-2.773	-2.843	3.09305620	3
	0.001000	10.0212	0.85222441	0.8423	2.2713	3.6716	1.7247	-0.908	0.974	0.463	-0.528	-1.081	-1.587	-2.297	-2.888	-2.959	3.09307146	3
	0.001000	10.0212	0.85226053	0.8418	2.3100	3.6691	1.6756	-1.005	0.936	0.396	-0.610	-1.170	-1.682	-2.401	-3.001	-3.073	3.09308529	3
	0.001000	10.0212	0.85229564	0.8412	2.3503	3.6666	1.6250	-1.106	0.895	0.325	-0.697	-1.264	-1.782	-2.510	-3.118	-3.191	3.09309864	3
	0.001000	10.0212	0.85233396	0.8404	2.3979	3.6634	1.5642	-1.225	0.853	0.246	-0.797	-1.374	-1.898	-2.639	-3.258	-3.332	3.09311318	3
	0.001000	10.0212	0.85236943	0.8395	2.4459	3.6602	1.5030	-1.345	0.810	0.165	-0.899	-1.484	-2.016	-2.768	-3.398	-3.474	3.09312654	3
	0.001000	10.0212	0.85240227	0.8385	2.4942	3.6570	1.4415	-1.465	0.773	0.086	-1.001	-1.596	-2.135	-2.899	-3.540	-3.616	3.09313917	3
	0.001000	10.0212	0.85243100	0.8374	2.5399	3.6538	1.3821	-1.580	0.746	0.016	-1.095	-1.700	-2.247	-3.024	-3.675	-3.753	3.09315014	3
	0.001000	10.0212	0.85245836	0.8362	2.5870	3.6505	1.3214	-1.697	0.716	-0.057	-1.193	-1.808	-2.363	-3.152	-3.814	-3.893	3.09316039	3
	0.001000	10.0212	0.85248357	0.8349	2.6338	3.6473	1.2609	-1.815	0.691	-0.127	-1.285	-1.912	-2.476	-3.278	-3.951	-4.032	3.09317017	3
	0.001000	10.0212	0.85250604	0.8335	2.6791	3.6439	1.2016	-1.928	0.674	-0.190	-1.373	-2.011	-2.583	-3.399	-4.085	-4.168	3.09317851	3
	0.001000	10.0212	0.85252708	0.8319	2.7247	3.6407	1.1420	-2.042	0.656	-0.255	-1.461	-2.111	-2.692	-3.522	-4.220	-4.304	3.09318662	3
	0.001000	10.0212	0.85254675	0.8301	2.7708	3.6374	1.0817	-2.157	0.639	-0.320	-1.550	-2.212	-2.801	-3.646	-4.356	-4.442	3.09319401	3
	0.001000	10.0212	0.85256392	0.8283	2.8142	3.6340	1.0239	-2.266	0.631	-0.377	-1.632	-2.305	-2.904	-3.763	-4.486	-4.574	3.09320068	3
	0.001000	10.0212	0.85258043	0.8262	2.8588	3.6306	0.9649	-2.377	0.625	-0.434	-1.716	-2.401	-3.010	-3.883	-4.618	-4.707	3.09320688	3
	0.001000	10.0212	0.85259587	0.8239	2.9038	3.6273	0.9054	-2.489	0.622	-0.490	-1.800	-2.499	-3.117	-4.004	-4.751	-4.843	3.09321284	3
	0.001000	10.0212	0.85260952	0.8215	2.9463	3.6239	0.8477	-2.596	0.632	-0.536	-1.875	-2.588	-3.216	-4.119	-4.878	-4.972	3.09321785	3
	0.001000	10.0212	0.85262263	0.8187	2.9901	3.6205	0.7891	-2.705	0.643	-0.581	-1.949	-2.678	-3.317	-4.235	-5.007	-5.103	3.09322286	3
	0.001000	10.0212	0.85263497	0.8156	3.0339	3.6171	0.7302	-2.815	0.656	-0.625	-2.023	-2.767	-3.418	-4.352	-5.137	-5.235	3.09322762	3
	0.001000	10.0212	0.85264605	0.8123	3.0759	3.6137	0.6726	-2.920	0.676	-0.663	-2.091	-2.852	-3.514	-4.464	-5.262	-5.363	3.09323192	3
	0.001000	10.0212	0.85265672	0.8086	3.1192	3.6103	0.6139	-3.028	0.693	-0.705	-2.163	-2.939	-3.613	-4.580	-5.390	-5.494	3.09323597	3
	0.001000	10.0212	0.85266691	0.8043	3.1632	3.6070	0.5542	-3.138	0.711	-0.747	-2.236	-3.029	-3.714	-4.696	-5.520	-5.626	3.09323978	3
	0.001000	10.0212	0.85267621	0.7997	3.2055	3.6035	0.4955	-3.244	0.735	-0.784	-2.304	-3.113	-3.810	-4.809	-5.646	-5.755	3.09324336	3
	0.001000	10.0212	0.85268521	0.7945	3.2492	3.6002	0.4355	-3.353	0.762	-0.819	-2.374	-3.201	-3.910	-4.926	-5.775	-5.886	3.09324670	3
	0.001000	10.0212	0.85269356	0.7886	3.2916	3.5968	0.3765	-3.459	0.784	-0.844	-2.429	-3.277	-4.003	-5.039	-5.899	-6.013	3.09324980	3
	0.001000	10.0212	0.85270041	0.7831	3.3245	3.5941	0.3299	-3.541	0.803	-0.862	-2.470	-3.336	-4.074	-5.127	-5.995	-6.113	3.09325242	4
	0.001000	10.0212	0.85270041	0.7831	1.7502	3.7393	2.4847	0.395	1.198	1.163	0.547	0.149	-0.229	-0.728	-1.134	-1.179	3.09325242	4
	0.001000	10.0212	0.85276830	0.7830	1.7675	3.7377	2.4610	0.351	1.172	1.130	0.507	0.106	-0.276	-0.778	-1.188	-1.234	3.09327817	4
	0.001000	10.0212	0.85283673	0.7830	1.7702	3.7375	2.4577	0.344	1.167	1.124	0.500	0.099	-0.283	-0.786	-1.196	-1.242	3.09330440	4
	0.001000	10.0212	0.85290664	0.7829	1.7719	3.7377	2.4565	0.340	1.161	1.119	0.496	0.095	-0.287	-0.789	-1.199	-1.245	3.09333086	4
	0.001000	10.0212	0.85297579	0.7829	1.7725	3.7381	2.4574	0.339	1.156	1.115	0.494	0.093	-0.288	-0.789	-1.198	-1.244	3.09335709	4
	0.001000	10.0212	0.85304052	0.7828	1.7723	3.7386	2.4597	0.339	1.151	1.111	0.493	0.094	-0.286	-0.786	-1.194	-1.240	3.09338164	4
	0.001000	10.0212	0.85310501	0.7827	1.7716	3.7392	2.4629	0.341	1.146	1.108	0.493	0.095	-0.284	-0.782	-1.188	-1.233	3.09340620	4
	0.001000	10.0212	0.85316914	0.7827	1.7707	3.7400	2.4667	0.343	1.141	1.106	0.494	0.098	-0.280	-0.776	-1.181	-1.226	3.09343052	4
	0.001000	10.0212	0.85323292	0.7826	1.7697	3.7407	2.4706	0.346	1.136	1.103	0.495	0.100	-0.276	-0.771	-1.173	-1.218	3.09345484	4
	0.001000	10.0212	0.85330093	0.7826	1.7686	3.7414	2.4746	0.348	1.131	1.101	0.496	0.102	-0.272	-0.765	-1.166	-1.210	3.09348059	4
	0.001000	10.0212	0.85336828	0.7825	1.7677	3.7421	2.4783	0.351	1.126	1.098	0.496	0.105	-0.269	-0.760	-1.158	-1.203	3.09350610	4
	0.001000	10.0212	0.85343480	0.7825	1.7669	3.7428	2.4817	0.353	1.121	1.095	0.497	0.107	-0.266	-0.755	-1.152	-1.196	3.09353137	4
	0.001000	10.0212	0.85349840	0.7824	1.7662	3.7434	2.4848	0.354	1.116	1.093	0.498	0.108	-0.263	-0.750	-1.146	-1.190	3.09355545	4
	0.001000	10.0212	0.85356253	0.7824	1.7658	3.7439	2.4873	0.356	1.112	1.091	0.498	0.109	-0.261	-0.747	-1.141	-1.185	3.09357977	4
	0.001000	10.0212	0.85360003	0.7823	1.7656	3.7442	2.4885	0.356	1.110	1.089	0.497	0.110	-0.260	-0.745	-1.139	-1.183	3.09359407	4
	0.001000	10.0212	0.85362667	0.7823	1.7656	3.7443	2.4892	0.356	1.108	1.088	0.497	0.110	-0.260	-0.744	-1.138	-1.181	3.09360409	4
	0.001000	10.0212	0.85369086	0.7823	1.7655	3.7447	2.4906	0.356	1.105	1.086	0.496	0.110	-0.259	-0.743	-1.136	-1.179	3.09362841	4
	0.001000	10.0212	0.85375482	0.7822	1.7658	3.7449	2.4914	0.356	1.102	1.083	0.495	0.109	-0.260	-0.742	-1.134	-1.177	3.09365273	4
	0.001000	10.0212	0.85381871	0.7822	1.7663	3.7451	2.4913	0.354	1.099	1.081	0.494	0.108	-0.261	-0.743	-1.135	-1.178	3.09367681	4
	0.001000	10.0212	0.85388672	0.7821	1.7673	3.7451	2.4904	0.352	1.097	1.079	0.491	0.105	-0.263	-0.745	-1.137	-1.180	3.09370279	4
	0.001000	10.0212	0.85395169	0.7821	1.7689	3.7450	2.4882	0.348	1.094	1.075	0.487	0.101	-0.267	-0.750	-1.142	-1.185	3.09372735	4
	0.001000	10.0212	0.85401863	0.7820	1.7705	3.7447	2.4854	0.344	1.093	1.073	0.484	0.097	-0.272	-0.755	-1.148	-1.191	3.09375262	4
	0.001000	10.0212	0.85405141	0.7820	1.7716	3.7445	2.4835	0.341	1.093	1.072	0.482	0.095	-0.275	-0.759	-1.152	-1.196	3.09376502	4
	0.001000	10.0212	0.85408145	0.7820	1.7729	3.7442	2.4813	0.338	1.092	1.070	0.479	0.091	-0.279	-0.763	-1.157	-1.200	3.09377646	4
	0.001000	10.0212	0.85414839	0.7819	1.7755	3.7437	2.4766	0.331	1.090	1.067	0.473	0.085	-0.286	-0.772	-1.167	-1.210	3.09380174	4
	0.001000	10.0212	0.85421026	0.7819	1.7786	3.7431	2.4710	0.323	1.089	1.063	0.467	0.077	-0.295	-0.783	-1.179	-1.223	3.09382534	4
	0.001000	10.0212	0.85427159	0.7818	1.7822	3.7424	2.4646	0.314	1.088	1.059	0.459	0.068	-0.305	-0.795	-1.193	-1.237	3.09384847	4
	0.001000	10.0212	0.85433257	0.7818	1.7860	3.7417	2.4579	0.305	1.086	1.055	0.451	0.059	-0.316	-0.807	-1.207	-1.251	3.09387159	4
	0.001000	10.0212	0.85439372	0.7817	1.7906	3.7408	2.4498	0.294	1.084	1.049	0.442	0.047	-0.329	-0.823	-1.224	-1.269	3.09389472	4
	0.001000	10.0212	0.85445446	0.7816	1.7958	3.7398	2.4406	0.280	1.081	1.043	0.431	0.034	-0.343	-0.840	-1.244	-1.289	3.09391761	4
	0.001000	10.0212	0.85451573	0.7816	1.8015	3.7389	2.4311	0.266	1.077	1.035	0.418	0.020	-0.359	-0.858	-1.265	-1.311	3.09394097	4
	0.001000	10.0212	0.85457695	0.7815	1.8081	3.7378	2.4200	0.250	1.073	1.026	0.404	0.004	-0.378	-0.880	-1.289	-1.335	3.09396410	4
	0.001000	10.0212	0.85464031	0.7814	1.8173	3.7363	2.4048	0.227	1.066	1.014	0.384	-0.019	-0.403	-0.910	-1.322	-1.369	3.09398794	4
	0.001000	10.0212	0.85469943	0.7814	1.8126	3.7372	2.4131	0.239	1.068	1.019	0.394	-0.008	-0.390	-0.894	-1.304	-1.350	3.09401035	4
	0.001000	10.0212	0.85476220	0.7813	1.8279	3.7347	2.3876	0.200	1.057	0.998	0.361	-0.046	-0.432	-0.943	-1.360	-1.407	3.09403419	4
	0.001000	10.0212	0.85482305	0.7812	1.8501	3.7314	2.3520	0.145	1.037	0.966	0.313	-0.101	-0.494	-1.013	-1.438	-1.487	3.09405708	4
	0.001000	10.0212	0.85487199	0.7811	1.8860	3.7264	2.2964	0.055	1.001	0.911	0.234	-0.190	-0.592	-1.125	-1.562	-1.612	3.09407568	4
	0.001000	10.0212	0.85489535	0.7811	1.9240	3.7216	2.2392	-0.040	0.971	0.853	0.152	-0.283	-0.693	-1.240	-1.689	-1.741	3.09408450	4
	0.001000	10.0212	0.85490555	0.7810	1.9620	3.7171	2.1830	-0.135	0.943	0.796	0.070	-0.375	-0.793	-1.354	-1.815	-1.869	3.09408832	4
	0.001000	10.0212	0.85491002	0.7810	1.9997	3.7128	2.1280	-0.229	0.912	0.738	-0.012	-0.466	-0.892	-1.466	-1.938	-1.994	3.09408998	4
	0.001000	10.0212	0.85491222	0.7810	2.0360	3.7089	2.0762	-0.320	0.879	0.680	-0.091	-0.554	-0.987	-1.573	-2.055	-2.112	3.09409094	4
	0.001000	10.0212	0.85491347	0.7810	2.0671	3.7058	2.0326	-0.398	0.848	0.629	-0.160	-0.630	-1.069	-1.663	-2.154	-2.212	3.09409142	7
	0.001000	10.0212	0.85491347	0.7810	2.0677	3.7057	2.0319	-0.399	0.848	0.628	-0.161	-0.631	-1.070	-1.665	-2.155	-2.214	3.09409142	7
	0.001000	10.0212	0.85491359	0.7810	2.0718	3.7053	2.0263	-0.409	0.843	0.621	-0.170	-0.641	-1.081	-1.677	-2.168	-2.227	3.09409142	7
	0.001000	10.0212	0.85491502	0.7810	2.1200	3.7009	1.9605	-0.530	0.792	0.540	-0.277	-0.758	-1.207	-1.816	-2.318	-2.379	3.09409189	7
	0.001000	10.0212	0.85491687	0.7810	2.1683	3.6969	1.8959	-0.651	0.748	0.459	-0.382	-0.874	-1.330	-1.952	-2.466	-2.528	3.09409261	7
	0.001000	10.0212	0.85492033	0.7810	2.1522	3.6984	1.9182	-0.610	0.758	0.483	-0.349	-0.836	-1.289	-1.906	-2.416	-2.477	3.09409380	7
	0.001000	10.0212	0.85495114	0.7807	2.1478	3.6985	1.9227	-0.600	0.767	0.494	-0.338	-0.825	-1.278	-1.895	-2.404	-2.466	3.09410548	7
	0.001000	10.0212	0.85497475	0.7805	2.1890	3.6948	1.8665	-0.702	0.738	0.429	-0.425	-0.922	-1.382	-2.012	-2.532	-2.595	3.09411454	7
	0.001000	10.0212	0.85499698	0.7803	2.2312	3.6911	1.8092	-0.808	0.708	0.362	-0.515	-1.021	-1.489	-2.131	-2.662	-2.726	3.09412289	7
	0.001000	10.0212	0.85501295	0.7801	2.2719	3.6875	1.7541	-0.910	0.679	0.298	-0.602	-1.117	-1.592	-2.246	-2.787	-2.852	3.09412885	7
	0.001000	10.0212	0.85502446	0.7800	2.3083	3.6843	1.7050	-1.001	0.653	0.241	-0.679	-1.203	-1.684	-2.349	-2.899	-2.965	3.09413338	7
	0.001000	10.0212	0.85504013	0.7797	2.3528	3.6805	1.6453	-1.112	0.621	0.171	-0.774	-1.307	-1.796	-2.474	-3.036	-3.103	3.09413910	7
	0.001000	10.0212	0.85505438	0.7794	2.3925	3.6772	1.5922	-1.211	0.592	0.108	-0.859	-1.401	-1.897	-2.585	-3.157	-3.225	3.09414458	7
	0.001000	10.0212	0.85506755	0.7791	2.4328	3.6739	1.5383	-1.312	0.564	0.046	-0.944	-1.494	-1.998	-2.698	-3.279	-3.349	3.09414959	7
	0.001000	10.0212	0.85507971	0.7788	2.4734	3.6705	1.4839	-1.414	0.543	-0.015	-1.026	-1.586	-2.097	-2.810	-3.403	-3.474	3.09415412	7
	0.001000	10.0212	0.85509104	0.7784	2.5147	3.6670	1.4285	-1.517	0.526	-0.074	-1.108	-1.679	-2.198	-2.924	-3.528	-3.601	3.09415841	7
	0.001000	10.0212	0.85510129	0.7780	2.5560	3.6635	1.3731	-1.620	0.510	-0.132	-1.191	-1.772	-2.299	-3.038	-3.654	-3.728	3.09416223	7
	0.001000	10.0212	0.85511076	0.7776	2.5973	3.6600	1.3176	-1.723	0.496	-0.190	-1.273	-1.865	-2.400	-3.152	-3.780	-3.855	3.09416580	7
	0.001000	10.0212	0.85511923	0.7772	2.6381	3.6566	1.2627	-1.825	0.484	-0.246	-1.354	-1.956	-2.499	-3.265	-3.904	-3.980	3.09416914	7
	0.001000	10.0212	0.85512722	0.7767	2.6788	3.6531	1.2079	-1.927	0.474	-0.301	-1.435	-2.048	-2.599	-3.378	-4.028	-4.106	3.09417200	7
	0.001000	10.0212	0.85513496	0.7762	2.7194	3.6496	1.1528	-2.029	0.467	-0.355	-1.514	-2.138	-2.698	-3.490	-4.152	-4.232	3.09417510	7
	0.001000	10.0212	0.85514253	0.7755	2.7601	3.6461	1.0978	-2.130	0.464	-0.405	-1.589	-2.224	-2.793	-3.600	-4.276	-4.357	3.09417796	7
	0.001000	10.0212	0.85514987	0.7748	2.8020	3.6424	1.0407	-2.235	0.465	-0.455	-1.664	-2.313	-2.891	-3.714	-4.404	-4.487	3.09418058	7
	0.001000	10.0212	0.85515648	0.7740	2.8429	3.6388	0.9852	-2.337	0.467	-0.503	-1.738	-2.399	-2.987	-3.825	-4.528	-4.613	3.09418321	7
	0.001000	10.0212	0.85516292	0.7732	2.8856	3.6350	0.9268	-2.444	0.477	-0.549	-1.814	-2.489	-3.088	-3.942	-4.658	-4.745	3.09418559	7
	0.001000	10.0212	0.85516822	0.7723	2.9306	3.6310	0.8653	-2.557	0.491	-0.596	-1.893	-2.583	-3.194	-4.065	-4.796	-4.885	3.09418750	7
	0.001000	10.0212	0.85517216	0.7715	2.9750	3.6270	0.8043	-2.668	0.509	-0.641	-1.970	-2.676	-3.297	-4.186	-4.932	-5.023	3.09418917	7
	0.001000	10.0212	0.85517550	0.7708	3.0159	3.6233	0.7483	-2.770	0.529	-0.678	-2.038	-2.759	-3.392	-4.297	-5.056	-5.150	3.09419036	7
	0.001000	10.0212	0.85517883	0.7699	3.0595	3.6194	0.6885	-2.879	0.558	-0.713	-2.106	-2.845	-3.491	-4.414	-5.188	-5.285	3.09419155	7
	0.001000	10.0212	0.85518157	0.7690	3.1012	3.6156	0.6311	-2.983	0.589	-0.744	-2.170	-2.926	-3.584	-4.526	-5.315	-5.414	3.09419274	7
	0.001000	10.0212	0.85518414	0.7680	3.1832	3.6080	0.5180	-3.188	0.657	-0.803	-2.293	-3.084	-3.768	-4.746	-5.564	-5.670	3.09419370	7
	0.001000	10.0212	0.85518551	0.7673	3.1882	3.6075	0.5107	-3.200	0.662	-0.806	-2.301	-3.094	-3.779	-4.759	-5.580	-5.685	3.09419417	7
	0.001000	10.0212	0.85518587	0.7671	3.2155	3.6050	0.4731	-3.269	0.688	-0.823	-2.341	-3.146	-3.840	-4.833	-5.663	-5.770	3.09419417	7
	0.001000	10.0212	0.85518605	0.7669	3.2453	3.6022	0.4321	-3.343	0.720	-0.839	-2.383	-3.203	-3.907	-4.913	-5.754	-5.863	3.09419441	7
	0.001000	10.0212	0.85518628	0.7668	3.2732	3.5995	0.3936	-3.413	0.748	-0.854	-2.421	-3.255	-3.969	-4.989	-5.838	-5.950	3.09419441	7
	0.001000	10.0212	0.85518664	0.7665	3.3081	3.5963	0.3454	-3.500	0.779	-0.865	-2.459	-3.313	-4.042	-5.083	-5.943	-6.058	3.09419465	7
	0.001000	10.0212	0.85518724	0.7660	3.3317	3.5941	0.3128	-3.559	0.799	-0.873	-2.485	-3.353	-4.092	-5.146	-6.014	-6.131	3.09419465	7
	0.001000	10.0212	0.85518748	0.7658	3.3022	3.5969	0.3537	-3.485	0.771	-0.865	-2.454	-3.304	-4.030	-5.066	-5.925	-6.039	3.09419489	7
	0.001000	10.0212	0.85518754	0.7658	3.3012	3.5970	0.3550	-3.483	0.770	-0.865	-2.453	-3.303	-4.028	-5.064	-5.922	-6.036	3.09419489	8
