# File generated by CMD 2.5 (http://stev.oapd.inaf.it/cmd) on Mon Aug  4 23:53:44 CEST 2014
# Basic reference: Girardi et al. (2002, A&A 391, 195)
#  uses the "basic set" of tracks described in Table 1 of Girardi et al. (2002, A&A 391, 195)
# Photometric system: <i>UBVRIJHK</i> (cf. Maiz-Apellaniz 2006 + Bessell 1990)
# BCs of Carbon stars derive from Loidl et al. (2001, A&A 342, 531)
# O-rich circumstellar dust ignored
# C-rich circumstellar dust ignored
# IMF: Chabrier (2001) lognormal 
# Kind of output: isochrone tables
#	Isochrone	Z = 0.00100		Age = 	1.050e+10 yr
# log(age/yr)	M_ini   	M_act	logL/Lo	logTe	logG	mbol    U       B       V       R       I       J       H       K	int_IMF
	10.02	0.15000001	0.1500	-2.3281	3.5796	5.2066	10.590	14.282	13.062	11.613	10.676	9.907	8.958	8.380	8.190	1.96093953	
	10.02	0.20000000	0.2000	-2.0317	3.6013	5.1218	9.849	12.853	11.951	10.671	9.831	9.145	8.273	7.692	7.516	2.22178221	
	10.02	0.25000000	0.2500	-1.8366	3.6125	5.0686	9.361	12.182	11.338	10.113	9.315	8.658	7.816	7.232	7.066	2.40809011	
	10.02	0.30000001	0.3000	-1.6861	3.6213	5.0323	8.985	11.664	10.864	9.682	8.916	8.283	7.464	6.877	6.719	2.54750419	
	10.02	0.34999999	0.3500	-1.5606	3.6288	5.0038	8.671	11.228	10.467	9.321	8.583	7.969	7.171	6.584	6.435	2.65552020	
	10.02	0.40000001	0.4000	-1.4201	3.6363	4.9513	8.320	10.752	10.033	8.923	8.214	7.621	6.840	6.253	6.114	2.74133730	
	10.02	0.44999999	0.4500	-1.2892	3.6456	4.9090	7.993	10.268	9.602	8.537	7.864	7.296	6.538	5.953	5.827	2.81098008	
	10.02	0.50000000	0.5000	-1.1368	3.6582	4.8525	7.612	9.670	9.089	8.081	7.455	6.918	6.193	5.622	5.509	2.86847806	
	10.02	0.55000001	0.5500	-0.9622	3.6770	4.7944	7.175	8.905	8.464	7.537	6.976	6.484	5.814	5.277	5.181	2.91663504	
	10.02	0.59888369	0.5989	-0.7767	3.7016	4.7446	6.712	8.029	7.793	6.966	6.474	6.030	5.436	4.960	4.880	2.95655680	          
	10.02	0.60000002	0.5998	-0.7727	3.7022	4.7434	6.702	8.011	7.779	6.954	6.464	6.020	5.428	4.953	4.874	2.95739889	
	10.02	0.61354315	0.6133	-0.7190	3.7098	4.7300	6.567	7.764	7.591	6.798	6.325	5.894	5.324	4.866	4.792	2.96739101	          
	10.02	0.64045441	0.6402	-0.6123	3.7250	4.7023	6.301	7.274	7.217	6.488	6.048	5.643	5.118	4.694	4.629	2.98609042	          
	10.02	0.66453731	0.6642	-0.5163	3.7384	4.6762	6.061	6.871	6.896	6.226	5.812	5.428	4.937	4.540	4.483	3.00159407	          
	10.02	0.68653911	0.6861	-0.4278	3.7504	4.6499	5.839	6.505	6.602	5.984	5.595	5.229	4.770	4.395	4.346	3.01483512
	10.02	0.69999999	0.6995	-0.3730	3.7577	4.6325	5.702	6.303	6.429	5.841	5.465	5.110	4.668	4.306	4.261	3.02253795
	10.02	0.71673304	0.7162	-0.3027	3.7655	4.6036	5.527	6.058	6.214	5.659	5.297	4.954	4.530	4.181	4.141	3.03172207
	10.02	0.73438710	0.7337	-0.2263	3.7741	4.5723	5.336	5.790	5.980	5.460	5.114	4.784	4.381	4.046	4.011	3.04097128
	10.02	0.75104225	0.7503	-0.1520	3.7820	4.5394	5.150	5.558	5.761	5.270	4.937	4.620	4.234	3.914	3.883	3.04931045
	10.02	0.76735520	0.7665	-0.0759	3.7894	4.5022	4.960	5.328	5.541	5.075	4.756	4.450	4.081	3.774	3.747	3.05713797
	10.02	0.78503162	0.7840	0.0123	3.7972	4.4548	4.739	5.069	5.288	4.849	4.544	4.249	3.898	3.606	3.583	3.06526327
	10.02	0.79566061	0.7945	0.0678	3.8016	4.4228	4.601	4.912	5.131	4.707	4.409	4.122	3.781	3.498	3.477	3.06998062
	10.02	0.80000001	0.7988	0.0915	3.8032	4.4078	4.541	4.848	5.066	4.646	4.351	4.067	3.730	3.450	3.429	3.07187057
	10.02	0.80708247	0.8058	0.1309	3.8057	4.3822	4.443	4.743	4.957	4.545	4.255	3.975	3.644	3.369	3.349	3.07491064
	10.02	0.81859887	0.8171	0.2013	3.8101	4.3352	4.267	4.557	4.764	4.365	4.083	3.810	3.489	3.223	3.205	3.07973886
	10.02	0.82911485	0.8275	0.2698	3.8137	4.2866	4.095	4.378	4.577	4.189	3.915	3.648	3.336	3.078	3.060	3.08402753
	10.02	0.83232039	0.8306	0.2918	3.8146	4.2698	4.040	4.321	4.518	4.133	3.860	3.595	3.285	3.029	3.011	3.08531284
	10.02	0.83311534	0.8314	0.2973	3.8147	4.2652	4.027	4.307	4.504	4.119	3.847	3.582	3.272	3.016	2.999	3.08562994
	10.02	0.83692384	0.8351	0.3252	3.8154	4.2423	3.957	4.237	4.430	4.048	3.777	3.514	3.206	2.952	2.935	3.08714080
	10.02	0.84022987	0.8383	0.3503	3.8158	4.2205	3.894	4.174	4.364	3.984	3.714	3.452	3.145	2.892	2.875	3.08844113
	10.02	0.85204494	0.8498	0.4537	3.8145	4.1175	3.636	3.925	4.104	3.723	3.453	3.189	2.879	2.625	2.607	3.09300327
	10.02	0.85841841	0.8559	0.5223	3.8085	4.0283	3.464	3.774	3.949	3.554	3.274	3.002	2.677	2.412	2.392	3.09541082
	10.02	0.86283779	0.8602	0.5801	3.7992	3.9354	3.320	3.661	3.834	3.415	3.120	2.833	2.486	2.202	2.180	3.09705877
	10.02	0.86566591	0.8628	0.6228	3.7870	3.8449	3.213	3.616	3.774	3.319	3.002	2.696	2.320	2.011	1.984	3.09810424
	10.02	0.86767858	0.8647	0.6500	3.7712	3.7558	3.145	3.635	3.774	3.267	2.922	2.591	2.176	1.835	1.802	3.09884405
	10.02	0.86938405	0.8663	0.6738	3.7549	3.6673	3.085	3.700	3.797	3.227	2.853	2.496	2.040	1.665	1.624	3.09946823
	10.02	0.87066388	0.8674	0.7094	3.7441	3.5892	2.996	3.711	3.769	3.155	2.761	2.387	1.902	1.503	1.458	3.09993505
	10.02	0.87165278	0.8683	0.7609	3.7382	3.5146	2.868	3.644	3.676	3.037	2.632	2.249	1.748	1.335	1.287	3.10029483
	10.02	0.87246215	0.8690	0.8157	3.7347	3.4460	2.731	3.545	3.559	2.906	2.495	2.105	1.595	1.174	1.125	3.10058856
	10.02	0.87328184	0.8697	0.8816	3.7320	3.3697	2.566	3.410	3.410	2.746	2.330	1.936	1.418	0.991	0.940	3.10088539
	10.02	0.87396634	0.8702	0.9443	3.7298	3.2987	2.409	3.276	3.265	2.593	2.173	1.776	1.252	0.820	0.768	3.10113311
	10.02	0.87456858	0.8707	1.0061	3.7280	3.2298	2.255	3.142	3.121	2.441	2.018	1.618	1.089	0.653	0.601	3.10135055
	10.02	0.87515450	0.8710	1.0705	3.7260	3.1576	2.094	3.002	2.972	2.284	1.857	1.453	0.919	0.478	0.425	3.10156178
	10.02	0.87565440	0.8713	1.1364	3.7242	3.0844	1.929	2.860	2.818	2.123	1.693	1.286	0.746	0.301	0.247	3.10174179
	10.02	0.87607926	0.8715	1.1960	3.7225	3.0182	1.780	2.734	2.681	1.978	1.545	1.136	0.590	0.140	0.086	3.10189462
	10.02	0.87647122	0.8717	1.2586	3.7205	2.9477	1.623	2.607	2.538	1.827	1.390	0.977	0.425	-0.030	-0.084	3.10203552
	10.02	0.87680280	0.8717	1.3170	3.7187	2.8821	1.478	2.489	2.406	1.685	1.245	0.829	0.272	-0.188	-0.243	3.10215449
	10.02	0.87711239	0.8717	1.3766	3.7168	2.8148	1.328	2.369	2.271	1.541	1.096	0.677	0.115	-0.350	-0.406	3.10226560
	10.02	0.87739456	0.8717	1.4379	3.7146	2.7450	1.175	2.248	2.133	1.393	0.944	0.521	-0.048	-0.518	-0.574	3.10236669
	10.02	0.87764370	0.8715	1.5002	3.7125	2.6741	1.020	2.124	1.994	1.243	0.790	0.363	-0.212	-0.688	-0.745	3.10245609
	10.02	0.87786180	0.8713	1.5606	3.7102	2.6043	0.869	2.008	1.860	1.099	0.640	0.209	-0.373	-0.855	-0.913	3.10253406
	10.02	0.87805599	0.8711	1.6195	3.7079	2.5363	0.721	1.894	1.731	0.958	0.494	0.059	-0.529	-1.018	-1.076	3.10260367
	10.02	0.87822825	0.8707	1.6773	3.7060	2.4705	0.577	1.780	1.602	0.818	0.351	-0.088	-0.682	-1.176	-1.235	3.10266542
	10.02	0.87838769	0.8703	1.7363	3.7035	2.4013	0.429	1.672	1.475	0.677	0.204	-0.239	-0.841	-1.340	-1.400	3.10272241
	10.02	0.87853611	0.8698	1.7967	3.7009	2.3304	0.278	1.563	1.345	0.534	0.054	-0.393	-1.003	-1.508	-1.570	3.10277534
	10.02	0.87868273	0.8691	1.8532	3.6987	2.2646	0.137	1.463	1.224	0.400	-0.084	-0.536	-1.153	-1.665	-1.727	3.10282779
	10.02	0.87878537	0.8685	1.8800	3.6977	2.2334	0.070	1.416	1.167	0.337	-0.150	-0.604	-1.224	-1.738	-1.801	3.10286450
	10.02	0.87888545	0.8680	1.8349	3.7003	2.2887	0.183	1.480	1.255	0.440	-0.041	-0.490	-1.101	-1.609	-1.670	3.10290027
	10.02	0.87900275	0.8673	1.9075	3.6969	2.2024	0.001	1.363	1.106	0.271	-0.218	-0.673	-1.296	-1.812	-1.875	3.10294223
	10.02	0.87912005	0.8664	1.9778	3.6937	2.1188	-0.175	1.251	0.962	0.108	-0.388	-0.850	-1.483	-2.009	-2.073	3.10298395
	10.02	0.87921512	0.8654	2.0391	3.6908	2.0454	-0.328	1.155	0.837	-0.033	-0.537	-1.004	-1.647	-2.182	-2.246	3.10301805
	10.02	0.87930620	0.8643	2.1033	3.6877	1.9682	-0.488	1.059	0.709	-0.181	-0.692	-1.166	-1.820	-2.363	-2.428	3.10305047
	10.02	0.87938309	0.8630	2.1650	3.6848	1.8943	-0.643	0.968	0.586	-0.323	-0.842	-1.322	-1.985	-2.536	-2.603	3.10307789
	10.02	0.87945187	0.8616	2.2270	3.6817	1.8189	-0.798	0.882	0.466	-0.465	-0.993	-1.478	-2.152	-2.712	-2.780	3.10310245
	10.02	0.87951267	0.8599	2.2895	3.6783	1.7421	-0.954	0.801	0.347	-0.606	-1.143	-1.636	-2.322	-2.891	-2.960	3.10312414
	10.02	0.87956327	0.8582	2.3457	3.6754	1.6734	-1.094	0.726	0.240	-0.735	-1.279	-1.778	-2.473	-3.051	-3.120	3.10314226
	10.02	0.87961388	0.8561	2.4086	3.6717	1.5945	-1.252	0.657	0.127	-0.871	-1.426	-1.934	-2.642	-3.233	-3.303	3.10316014
	10.02	0.87965637	0.8538	2.4679	3.6683	1.5207	-1.400	0.590	0.020	-1.000	-1.565	-2.080	-2.801	-3.402	-3.474	3.10317540
	10.02	0.87969285	0.8514	2.5268	3.6649	1.4469	-1.547	0.532	-0.083	-1.127	-1.702	-2.225	-2.959	-3.572	-3.645	3.10318828
	10.02	0.87972933	0.8483	2.5889	3.6617	1.3703	-1.702	0.467	-0.193	-1.262	-1.848	-2.379	-3.125	-3.748	-3.822	3.10320139
	10.02	0.87975764	0.8454	2.6434	3.6582	1.3003	-1.839	0.425	-0.282	-1.378	-1.974	-2.513	-3.273	-3.907	-3.983	3.10321140
	10.02	0.87978601	0.8416	2.7031	3.6544	1.2236	-1.988	0.381	-0.379	-1.503	-2.112	-2.660	-3.434	-4.081	-4.158	3.10322165
	10.02	0.87981236	0.8373	2.7644	3.6506	1.1449	-2.141	0.335	-0.479	-1.633	-2.255	-2.812	-3.600	-4.258	-4.337	3.10323095
	10.02	0.87983465	0.8326	2.8218	3.6470	1.0706	-2.284	0.300	-0.567	-1.749	-2.383	-2.950	-3.753	-4.425	-4.505	3.10323882
	10.02	0.87985289	0.8278	2.8751	3.6433	0.9998	-2.418	0.278	-0.643	-1.853	-2.500	-3.077	-3.896	-4.581	-4.664	3.10324550
	10.02	0.87987310	0.8213	2.9370	3.6392	0.9185	-2.572	0.256	-0.730	-1.973	-2.637	-3.226	-4.062	-4.761	-4.846	3.10325265
	10.02	0.87989134	0.8138	2.9973	3.6349	0.8370	-2.723	0.248	-0.808	-2.088	-2.768	-3.370	-4.225	-4.939	-5.026	3.10325909
	10.02	0.87990350	0.8075	3.0443	3.6313	0.7718	-2.841	0.252	-0.862	-2.174	-2.869	-3.481	-4.352	-5.079	-5.168	3.10326338
	10.02	0.87991774	0.7985	3.1000	3.6273	0.6955	-2.980	0.250	-0.932	-2.279	-2.990	-3.614	-4.502	-5.243	-5.334	3.10326862
	10.02	0.87992984	0.7891	3.1527	3.6240	0.6244	-3.112	0.240	-1.001	-2.379	-3.105	-3.740	-4.643	-5.395	-5.488	3.10327291
	10.02	0.87994200	0.7773	3.2110	3.6207	0.5463	-3.257	0.229	-1.076	-2.488	-3.231	-3.877	-4.796	-5.561	-5.656	3.10327721
	10.02	0.87995416	0.7625	3.2663	3.6168	0.4671	-3.396	0.245	-1.132	-2.582	-3.345	-4.005	-4.943	-5.722	-5.820	3.10328150
	10.02	0.87995619	0.7596	3.2783	3.6160	0.4504	-3.426	0.247	-1.145	-2.603	-3.371	-4.034	-4.975	-5.756	-5.855	3.10328221
	10.02	0.87995619	0.7588	1.6900	3.7400	2.5340	0.545	1.338	1.309	0.697	0.300	-0.077	-0.574	-0.979	-1.024	3.10328221
	10.02	0.88002270	0.7586	1.7007	3.7385	2.5175	0.518	1.326	1.292	0.673	0.274	-0.106	-0.607	-1.015	-1.061	3.10330582
	10.02	0.88011748	0.7584	1.7077	3.7379	2.5079	0.501	1.315	1.279	0.657	0.256	-0.125	-0.627	-1.037	-1.083	3.10333967
	10.02	0.88018203	0.7582	1.7109	3.7378	2.5039	0.493	1.309	1.272	0.649	0.248	-0.133	-0.636	-1.046	-1.092	3.10336256
	10.02	0.88022107	0.7581	1.7117	3.7378	2.5033	0.491	1.306	1.269	0.647	0.246	-0.135	-0.638	-1.048	-1.094	3.10337663
	10.02	0.88033748	0.7578	1.7125	3.7385	2.5050	0.489	1.298	1.263	0.644	0.244	-0.136	-0.637	-1.045	-1.091	3.10341811
	10.02	0.88045865	0.7575	1.7112	3.7397	2.5112	0.492	1.289	1.258	0.644	0.247	-0.131	-0.628	-1.033	-1.079	3.10346127
	10.02	0.88058549	0.7572	1.7096	3.7410	2.5177	0.496	1.279	1.253	0.645	0.251	-0.125	-0.619	-1.021	-1.065	3.10350633
	10.02	0.88071668	0.7569	1.7086	3.7421	2.5229	0.498	1.270	1.247	0.645	0.253	-0.121	-0.611	-1.011	-1.055	3.10355306
	10.02	0.88085091	0.7566	1.7083	3.7431	2.5270	0.499	1.261	1.241	0.644	0.254	-0.118	-0.606	-1.003	-1.047	3.10360074
	10.02	0.88098592	0.7562	1.7088	3.7438	2.5290	0.498	1.253	1.235	0.641	0.253	-0.118	-0.604	-1.000	-1.043	3.10364866
	10.02	0.88111663	0.7559	1.7100	3.7442	2.5293	0.495	1.246	1.229	0.637	0.249	-0.121	-0.606	-1.000	-1.043	3.10369515
	10.02	0.88119644	0.7557	1.7110	3.7443	2.5287	0.492	1.242	1.226	0.634	0.247	-0.123	-0.608	-1.002	-1.045	3.10372353
	10.02	0.88124204	0.7556	1.7122	3.7442	2.5270	0.489	1.241	1.224	0.632	0.244	-0.126	-0.611	-1.005	-1.049	3.10373974
	10.02	0.88135737	0.7553	1.7155	3.7438	2.5220	0.481	1.237	1.218	0.624	0.236	-0.135	-0.621	-1.016	-1.060	3.10378075
	10.02	0.88147300	0.7550	1.7200	3.7431	2.5145	0.470	1.233	1.212	0.615	0.225	-0.148	-0.635	-1.032	-1.076	3.10382175
	10.02	0.88159376	0.7547	1.7263	3.7421	2.5038	0.454	1.228	1.203	0.601	0.209	-0.165	-0.656	-1.055	-1.100	3.10386467
	10.02	0.88171923	0.7544	1.7347	3.7408	2.4901	0.433	1.221	1.191	0.583	0.188	-0.188	-0.682	-1.085	-1.130	3.10390902
	10.02	0.88184410	0.7540	1.7454	3.7392	2.4726	0.406	1.211	1.175	0.559	0.161	-0.218	-0.717	-1.123	-1.168	3.10395336
	10.02	0.88198763	0.7535	1.7598	3.7370	2.4494	0.370	1.198	1.153	0.527	0.125	-0.258	-0.762	-1.173	-1.220	3.10400438
	10.02	0.88206428	0.7533	1.7682	3.7359	2.4363	0.349	1.190	1.140	0.509	0.104	-0.281	-0.788	-1.202	-1.249	3.10403156
	10.02	0.88215715	0.7529	1.7846	3.7341	2.4125	0.309	1.169	1.112	0.472	0.063	-0.325	-0.837	-1.256	-1.303	3.10406446
	10.02	0.88239753	0.7519	1.8431	3.7273	2.3263	0.162	1.097	1.012	0.340	-0.083	-0.483	-1.014	-1.448	-1.498	3.10414958
	10.02	0.88241857	0.7518	1.8723	3.7241	2.2841	0.089	1.062	0.962	0.274	-0.155	-0.561	-1.101	-1.543	-1.595	3.10415697
	10.02	0.88243437	0.7517	1.9245	3.7193	2.2126	-0.041	1.004	0.871	0.157	-0.283	-0.697	-1.251	-1.706	-1.760	3.10416269
	10.02	0.88243902	0.7517	1.9651	3.7157	2.1577	-0.143	0.956	0.800	0.066	-0.382	-0.802	-1.367	-1.832	-1.887	3.10416436
	10.02	0.88244271	0.7516	2.0480	3.7085	2.0459	-0.350	0.858	0.654	-0.120	-0.584	-1.018	-1.605	-2.088	-2.145	3.10416555
	10.02	0.88244456	0.7516	2.1161	3.7025	1.9537	-0.520	0.781	0.536	-0.273	-0.750	-1.196	-1.800	-2.299	-2.359	3.10416627
	10.02	0.88244659	0.7515	2.1870	3.6976	1.8634	-0.698	0.694	0.406	-0.432	-0.922	-1.377	-1.997	-2.508	-2.570	3.10416698
	10.02	0.88244933	0.7515	2.2493	3.6936	1.7849	-0.853	0.622	0.293	-0.571	-1.072	-1.535	-2.168	-2.691	-2.754	3.10416794
	10.02	0.88245118	0.7514	2.2644	3.6925	1.7653	-0.891	0.607	0.266	-0.605	-1.108	-1.573	-2.210	-2.736	-2.800	3.10416865
	10.02	0.88245988	0.7512	2.2075	3.6967	1.8389	-0.749	0.663	0.365	-0.480	-0.972	-1.429	-2.052	-2.566	-2.628	3.10417175
	10.02	0.88246709	0.7510	2.1971	3.6974	1.8521	-0.723	0.674	0.383	-0.457	-0.947	-1.403	-2.023	-2.535	-2.597	3.10417438
	10.02	0.88250262	0.7501	2.2614	3.6928	1.7688	-0.883	0.609	0.271	-0.598	-1.100	-1.565	-2.201	-2.726	-2.790	3.10418677
	10.02	0.88252562	0.7493	2.3492	3.6866	1.6557	-1.103	0.519	0.118	-0.791	-1.310	-1.787	-2.444	-2.987	-3.052	3.10419512
	10.02	0.88254189	0.7484	2.4321	3.6805	1.5480	-1.310	0.442	-0.022	-0.972	-1.507	-1.997	-2.674	-3.235	-3.302	3.10420084
	10.02	0.88255125	0.7478	2.4838	3.6764	1.4798	-1.440	0.401	-0.105	-1.084	-1.629	-2.128	-2.819	-3.391	-3.459	3.10420418
	10.02	0.88256067	0.7471	2.5386	3.6724	1.4082	-1.577	0.363	-0.191	-1.199	-1.756	-2.264	-2.970	-3.554	-3.624	3.10420752
	10.02	0.88257003	0.7462	2.5961	3.6683	1.3339	-1.720	0.325	-0.282	-1.318	-1.888	-2.405	-3.126	-3.725	-3.796	3.10421085
	10.02	0.88257992	0.7449	2.6726	3.6619	1.2311	-1.911	0.297	-0.390	-1.471	-2.060	-2.592	-3.337	-3.957	-4.031	3.10421419
	10.02	0.88258660	0.7438	2.7387	3.6574	1.1462	-2.077	0.256	-0.493	-1.608	-2.212	-2.755	-3.517	-4.151	-4.227	3.10421658
	10.02	0.88259172	0.7427	2.7976	3.6524	1.0668	-2.224	0.242	-0.572	-1.725	-2.344	-2.899	-3.680	-4.331	-4.409	3.10421848
	10.02	0.88259625	0.7415	2.8583	3.6477	0.9865	-2.376	0.225	-0.655	-1.843	-2.478	-3.045	-3.846	-4.512	-4.592	3.10421991
	10.02	0.88260037	0.7401	2.9177	3.6436	0.9099	-2.524	0.208	-0.736	-1.957	-2.609	-3.188	-4.005	-4.687	-4.769	3.10422158
	10.02	0.88260448	0.7384	2.9753	3.6391	0.8334	-2.668	0.206	-0.806	-2.064	-2.733	-3.324	-4.161	-4.858	-4.943	3.10422301
	10.02	0.88260877	0.7361	3.0334	3.6340	0.7536	-2.813	0.224	-0.867	-2.166	-2.855	-3.461	-4.320	-5.035	-5.123	3.10422444
	10.02	0.88261259	0.7335	3.1081	3.6275	0.6514	-3.000	0.249	-0.945	-2.298	-3.012	-3.636	-4.524	-5.263	-5.353	3.10422587
	10.02	0.88261300	0.7332	3.1255	3.6262	0.6283	-3.044	0.252	-0.965	-2.330	-3.049	-3.677	-4.571	-5.315	-5.406	3.10422587
	10.02	0.88261378	0.7325	3.1394	3.6251	0.6099	-3.078	0.253	-0.981	-2.356	-3.078	-3.710	-4.608	-5.356	-5.447	3.10422611
	10.02	0.88261455	0.7318	3.1535	3.6241	0.5912	-3.114	0.257	-0.996	-2.380	-3.107	-3.743	-4.646	-5.397	-5.490	3.10422659
	10.02	0.88261533	0.7311	3.1673	3.6230	0.5728	-3.148	0.261	-1.010	-2.403	-3.136	-3.775	-4.682	-5.438	-5.531	3.10422683
	10.02	0.88261604	0.7304	3.1811	3.6220	0.5543	-3.183	0.265	-1.024	-2.426	-3.164	-3.806	-4.719	-5.479	-5.573	3.10422707
	10.02	0.88261682	0.7296	3.1952	3.6209	0.5355	-3.218	0.269	-1.038	-2.450	-3.193	-3.839	-4.757	-5.520	-5.615	3.10422730
	10.02	0.88261759	0.7287	3.2090	3.6199	0.5170	-3.253	0.273	-1.052	-2.473	-3.221	-3.871	-4.793	-5.561	-5.656	3.10422754
	10.02	0.88261837	0.7278	3.2228	3.6188	0.4984	-3.287	0.278	-1.065	-2.497	-3.249	-3.902	-4.830	-5.601	-5.698	3.10422778
	10.02	0.88261914	0.7269	3.2367	3.6178	0.4799	-3.322	0.284	-1.078	-2.519	-3.277	-3.934	-4.867	-5.642	-5.739	3.10422802
	10.02	0.88261992	0.7259	3.2508	3.6167	0.4609	-3.357	0.291	-1.090	-2.542	-3.306	-3.967	-4.905	-5.684	-5.782	3.10422850
	10.02	0.88262063	0.7249	3.2646	3.6157	0.4423	-3.391	0.297	-1.102	-2.564	-3.334	-3.998	-4.942	-5.724	-5.823	3.10422873
	10.02	0.88262141	0.7238	3.2784	3.6146	0.4236	-3.426	0.304	-1.114	-2.586	-3.362	-4.030	-4.978	-5.765	-5.865	3.10422897
	10.02	0.88262218	0.7227	3.2925	3.6135	0.4046	-3.461	0.311	-1.126	-2.609	-3.390	-4.063	-5.016	-5.807	-5.907	3.10422921
	10.02	0.88262296	0.7215	3.3063	3.6125	0.3858	-3.496	0.318	-1.138	-2.631	-3.418	-4.094	-5.053	-5.847	-5.949	3.10422945
	10.02	0.88262355	0.7205	3.3174	3.6116	0.3708	-3.523	0.324	-1.147	-2.649	-3.440	-4.120	-5.083	-5.880	-5.982	3.10422969
	10.02	0.88262433	0.7191	3.3315	3.6106	0.3516	-3.559	0.332	-1.159	-2.672	-3.468	-4.152	-5.120	-5.921	-6.024	3.10422993
	10.02	0.88262510	0.7178	3.3453	3.6095	0.3328	-3.593	0.340	-1.171	-2.694	-3.496	-4.184	-5.157	-5.962	-6.066	3.10423017
	10.02	0.88262588	0.7163	3.3591	3.6085	0.3139	-3.628	0.348	-1.182	-2.716	-3.524	-4.215	-5.194	-6.003	-6.107	3.10423040
	10.02	0.88262665	0.7147	3.3732	3.6074	0.2945	-3.663	0.356	-1.194	-2.738	-3.552	-4.248	-5.232	-6.044	-6.150	3.10423088
	10.02	0.88262743	0.7131	3.3871	3.6063	0.2755	-3.698	0.364	-1.205	-2.760	-3.580	-4.279	-5.269	-6.085	-6.191	3.10423112
	10.02	0.88262814	0.7113	3.4012	3.6053	0.2560	-3.733	0.373	-1.216	-2.783	-3.608	-4.311	-5.306	-6.126	-6.234	3.10423136
	10.02	0.88262892	0.7093	3.4164	3.6041	0.2349	-3.771	0.382	-1.229	-2.807	-3.638	-4.346	-5.347	-6.171	-6.280	3.10423160
	10.02	0.88262969	0.7071	3.4324	3.6029	0.2126	-3.811	0.393	-1.241	-2.832	-3.670	-4.383	-5.390	-6.219	-6.328	3.10423183
	10.02	0.88263047	0.7047	3.4481	3.6017	0.1907	-3.850	0.403	-1.253	-2.857	-3.702	-4.419	-5.432	-6.265	-6.375	3.10423207
	10.02	0.88263124	0.7022	3.4638	3.6005	0.1686	-3.889	0.414	-1.265	-2.881	-3.733	-4.454	-5.473	-6.311	-6.422	3.10423231
	10.02	0.88263202	0.6995	3.4798	3.5993	0.1460	-3.929	0.423	-1.276	-2.904	-3.763	-4.490	-5.516	-6.358	-6.470	3.10423279
	10.02	0.88263273	0.6966	3.4954	3.5980	0.1237	-3.969	0.429	-1.286	-2.924	-3.791	-4.524	-5.558	-6.403	-6.517	3.10423303
	10.02	0.88263351	0.6938	3.5046	3.5973	0.1097	-3.992	0.434	-1.291	-2.936	-3.807	-4.543	-5.582	-6.430	-6.545	3.10423326
	10.02	0.88263428	0.6907	3.5138	3.5965	0.0957	-4.015	0.439	-1.296	-2.947	-3.823	-4.563	-5.607	-6.457	-6.573	3.10423350
	10.02	0.88263506	0.6877	3.5229	3.5958	0.0818	-4.037	0.444	-1.302	-2.959	-3.840	-4.583	-5.631	-6.484	-6.600	3.10423374
	10.02	0.88263583	0.6844	3.5321	3.5951	0.0677	-4.060	0.448	-1.307	-2.970	-3.856	-4.603	-5.655	-6.511	-6.628	3.10423398
	10.02	0.88263655	0.6811	3.5412	3.5944	0.0535	-4.083	0.453	-1.312	-2.982	-3.872	-4.622	-5.679	-6.537	-6.655	3.10423422
	10.02	0.88263732	0.6775	3.5506	3.5936	0.0389	-4.106	0.457	-1.318	-2.994	-3.889	-4.642	-5.704	-6.565	-6.683	3.10423446
	10.02	0.88263810	0.6739	3.5597	3.5929	0.0245	-4.129	0.462	-1.323	-3.005	-3.905	-4.662	-5.728	-6.592	-6.711	3.10423493
	10.02	0.88263887	0.6701	3.5689	3.5922	0.0100	-4.152	0.466	-1.329	-3.017	-3.921	-4.682	-5.753	-6.618	-6.739	3.10423517
	10.02	0.88263965	0.6661	3.5782	3.5914	-0.0049	-4.176	0.467	-1.336	-3.029	-3.938	-4.702	-5.777	-6.646	-6.767	3.10423541
	10.02	0.88264060	0.6612	3.5877	3.5907	-0.0207	-4.199	0.462	-1.346	-3.042	-3.955	-4.721	-5.802	-6.673	-6.795	3.10423565
	10.02	0.88264227	0.6518	3.6024	3.5894	-0.0465	-4.236	0.454	-1.361	-3.063	-3.981	-4.752	-5.840	-6.716	-6.840	3.10423636
	10.02	0.88264388	0.6419	3.6170	3.5882	-0.0725	-4.272	0.446	-1.377	-3.083	-4.007	-4.783	-5.878	-6.759	-6.884	3.10423684
	10.02	0.88264543	0.6318	3.6310	3.5871	-0.0982	-4.308	0.438	-1.392	-3.103	-4.032	-4.812	-5.914	-6.800	-6.926	3.10423732
	10.02	0.88264698	0.6211	3.6449	3.5859	-0.1242	-4.342	0.431	-1.407	-3.122	-4.056	-4.842	-5.950	-6.841	-6.968	3.10423803
	10.02	0.88264853	0.6097	3.6587	3.5847	-0.1507	-4.377	0.424	-1.421	-3.141	-4.081	-4.870	-5.986	-6.882	-7.010	3.10423851
	10.02	0.88265008	0.5973	3.6729	3.5835	-0.1786	-4.412	0.417	-1.435	-3.161	-4.106	-4.900	-6.023	-6.924	-7.053	3.10423899
	10.02	0.88265157	0.5836	3.6873	3.5823	-0.2082	-4.448	0.410	-1.450	-3.180	-4.131	-4.930	-6.060	-6.966	-7.097	3.10423970
	10.02	0.88265210	0.5789	3.6922	3.5818	-0.2183	-4.461	0.408	-1.454	-3.187	-4.139	-4.940	-6.073	-6.981	-7.112	3.10423970
	10.02	0.88265246	0.5789	3.6084	4.1364	2.0836	-4.251	-3.939	-3.319	-3.207	-3.179	-3.128	-2.957	-2.919	-2.879	3.10423994
	10.02	0.88265288	0.5789	3.6107	4.2464	2.5215	-4.257	-3.584	-2.767	-2.599	-2.537	-2.443	-2.195	-2.127	-2.067	3.10424018
	10.02	0.88265324	0.5789	3.6137	4.3234	2.8263	-4.264	-3.275	-2.375	-2.165	-2.078	-1.956	-1.663	-1.577	-1.503	3.10424018
	10.02	0.88265353	0.5789	3.6166	4.3773	3.0392	-4.271	-3.106	-2.116	-1.886	-1.788	-1.650	-1.325	-1.227	-1.142	3.10424042
	10.02	0.88265377	0.5789	3.6155	4.5437	3.7058	-4.269	-2.423	-1.286	-0.996	-0.866	-0.692	-0.298	-0.174	-0.067	3.10424042
	10.02	0.88265401	0.5789	3.6110	4.6542	4.1522	-4.257	-1.697	-0.522	-0.210	-0.071	0.109	0.514	0.643	0.754	3.10424042
	10.02	0.88265413	0.5789	3.6038	4.7288	4.4582	-4.239	-1.310	-0.106	0.208	0.345	0.527	0.941	1.069	1.179	3.10424042
	10.02	0.88265431	0.5789	3.5918	4.7965	4.7409	-4.210	-0.935	0.292	0.608	0.745	0.930	1.351	1.480	1.590	3.10424066
	10.02	0.88265443	0.5789	3.5793	4.8481	4.9598	-4.178	-0.561	0.675	0.999	1.141	1.330	1.758	1.890	2.002	3.10424066
	10.02	0.88265461	0.5789	3.5229	4.9566	5.4502	-4.037	0.319	1.568	1.906	2.055	2.253	2.692	2.829	2.945	3.10424066
	10.02	0.88265473	0.5789	3.4611	5.0181	5.7578	-3.883	0.900	2.156	2.499	2.652	2.854	3.298	3.438	3.555	3.10424066
	10.02	0.88265479	0.5789	3.3448	5.0729	6.0934	-3.592	1.575	2.836	3.184	3.340	3.544	3.993	4.134	4.253	3.10424066
	10.02	0.88265485	0.5789	3.2049	5.0949	6.3212	-3.242	2.080	3.342	3.693	3.849	4.054	4.504	4.647	4.766	3.10424066
	10.02	0.88265496	0.5789	3.1286	5.0980	6.4099	-3.052	2.292	3.555	3.906	4.062	4.268	4.718	4.861	4.980	3.10424089
	10.02	0.88265508	0.5789	2.9184	5.0915	6.5940	-2.526	2.772	4.034	4.384	4.540	4.745	5.195	5.338	5.457	3.10424089
	10.02	0.88265544	0.5789	2.8603	5.0872	6.6351	-2.381	2.887	4.149	4.499	4.655	4.860	5.309	5.452	5.571	3.10424089
	10.02	0.88265759	0.5789	2.6343	5.0640	6.7682	-1.816	3.289	4.549	4.896	5.051	5.255	5.703	5.844	5.963	3.10424185
	10.02	0.88277870	0.5789	2.5976	5.0632	6.8017	-1.724	3.375	4.635	4.982	5.137	5.341	5.789	5.930	6.049	3.10428452
	10.02	0.88557822	0.5800	2.3573	5.0365	6.9360	-1.123	3.788	5.046	5.391	5.544	5.747	6.193	6.333	6.451	3.10527229
	10.02	0.88558668	0.5800	2.1025	5.0061	7.0692	-0.486	4.598	5.734	6.072	6.227	6.430	6.875	7.013	7.131	3.10527539
	10.02	0.88558692	0.5800	2.0738	5.0033	7.0867	-0.414	4.707	5.826	6.162	6.317	6.521	6.965	7.104	7.221	3.10527539
	10.02	0.88558739	0.5800	1.9430	4.9858	7.1478	-0.088	4.970	6.067	6.400	6.556	6.759	7.202	7.339	7.457	3.10527563
	10.02	0.88558823	0.5800	1.7921	4.9640	7.2112	0.290	5.183	6.279	6.609	6.764	6.965	7.407	7.543	7.661	3.10527587
	10.02	0.88558930	0.5800	1.6563	4.9449	7.2707	0.629	5.380	6.473	6.800	6.955	7.156	7.596	7.732	7.849	3.10527635
	10.02	0.88559109	0.5800	1.5067	4.9216	7.3274	1.003	5.577	6.667	6.992	7.145	7.346	7.784	7.918	8.035	3.10527682
	10.02	0.88559324	0.5800	1.3713	4.9006	7.3784	1.342	5.755	6.842	7.164	7.317	7.516	7.953	8.086	8.202	3.10527778
	10.02	0.88559622	0.5800	1.2031	4.8727	7.4352	1.762	5.962	7.045	7.364	7.515	7.713	8.149	8.281	8.397	3.10527873
	10.02	0.88560009	0.5800	1.0408	4.8450	7.4867	2.168	6.156	7.236	7.550	7.701	7.898	8.331	8.462	8.577	3.10528016
	10.02	0.88560385	0.5800	0.9118	4.8224	7.5252	2.490	6.306	7.382	7.693	7.843	8.039	8.471	8.601	8.716	3.10528135
	10.02	0.88560826	0.5800	0.7848	4.7988	7.5580	2.808	6.443	7.516	7.824	7.973	8.168	8.598	8.727	8.841	3.10528302
	10.02	0.88561243	0.5800	0.6761	4.7779	7.5829	3.080	6.556	7.625	7.929	8.078	8.272	8.700	8.829	8.942	3.10528445
	10.02	0.88562185	0.5800	0.4953	4.7423	7.6215	3.532	6.742	7.804	8.101	8.250	8.442	8.868	8.995	9.107	3.10528779
	10.02	0.88562703	0.5800	0.3986	4.7231	7.6412	3.773	6.839	7.899	8.192	8.339	8.531	8.955	9.081	9.194	3.10528946
	10.02	0.88564110	0.5800	0.2073	4.6839	7.6757	4.252	7.032	8.082	8.367	8.514	8.703	9.124	9.248	9.360	3.10529447
	10.02	0.88565171	0.5800	0.0934	4.6598	7.6933	4.537	7.148	8.191	8.470	8.616	8.804	9.223	9.345	9.457	3.10529828
	10.02	0.88565701	0.5800	0.0326	4.6475	7.7047	4.688	7.214	8.253	8.529	8.675	8.862	9.280	9.401	9.513	3.10530019
	10.02	0.88567978	0.5800	-0.1484	4.6083	7.7289	5.141	7.393	8.421	8.688	8.831	9.017	9.430	9.549	9.660	3.10530806
	10.02	0.88572377	0.5800	-0.3893	4.5557	7.7594	5.743	7.673	8.679	8.926	9.067	9.249	9.654	9.768	9.879	3.10532355
	10.02	0.88577521	0.5801	-0.5550	4.5191	7.7788	6.157	7.915	8.893	9.120	9.259	9.438	9.832	9.941	10.051	3.10534167
	10.02	0.88581228	0.5801	-0.6489	4.4975	7.7864	6.392	8.060	9.020	9.234	9.371	9.547	9.935	10.039	10.148	3.10535479
	10.02	0.88584828	0.5801	-0.7314	4.4791	7.7952	6.598	8.191	9.134	9.336	9.472	9.646	10.027	10.128	10.237	3.10536742
	10.02	0.88594359	0.5801	-0.8681	4.4481	7.8081	6.940	8.427	9.335	9.513	9.643	9.810	10.176	10.267	10.372	3.10540080
	10.02	0.88603383	0.5802	-0.9665	4.4266	7.8204	7.186	8.602	9.484	9.644	9.772	9.932	10.286	10.373	10.473	3.10543251
	10.02	0.88616937	0.5802	-1.0677	4.4032	7.8280	7.439	8.778	9.632	9.773	9.896	10.051	10.393	10.472	10.569	3.10548019
	10.02	0.88624191	0.5802	-1.1401	4.3936	7.8620	7.620	8.922	9.766	9.898	10.019	10.171	10.509	10.585	10.681	3.10550570
	10.02	0.88633215	0.5803	-1.2406	4.3829	7.9196	7.871	9.130	9.963	10.084	10.204	10.352	10.685	10.758	10.852	3.10553741
	10.02	0.88644493	0.5803	-1.3146	4.3672	7.9311	8.057	9.253	10.067	10.176	10.292	10.434	10.760	10.828	10.922	3.10557699
	10.02	0.88658553	0.5804	-1.3861	4.3502	7.9347	8.235	9.363	10.158	10.252	10.365	10.501	10.820	10.882	10.974	3.10562634
	10.02	0.88675904	0.5804	-1.4592	4.3328	7.9383	8.418	9.477	10.251	10.331	10.440	10.570	10.880	10.937	11.027	3.10568714
	10.02	0.88696903	0.5805	-1.5332	4.3152	7.9419	8.603	9.592	10.345	10.409	10.516	10.639	10.941	10.993	11.081	3.10576081
	10.02	0.88721675	0.5806	-1.6075	4.2975	7.9453	8.789	9.708	10.439	10.488	10.591	10.708	11.001	11.048	11.134	3.10584760
	10.02	0.88750052	0.5807	-1.6824	4.2796	7.9486	8.976	9.829	10.533	10.566	10.665	10.777	11.060	11.101	11.185	3.10594702
	10.02	0.88782215	0.5808	-1.7577	4.2615	7.9518	9.164	9.951	10.629	10.644	10.739	10.845	11.118	11.154	11.236	3.10605955
	10.02	0.88818550	0.5810	-1.8334	4.2433	7.9548	9.354	10.075	10.725	10.722	10.813	10.914	11.176	11.206	11.286	3.10618663
	10.02	0.88859439	0.5811	-1.9094	4.2250	7.9578	9.544	10.201	10.823	10.800	10.888	10.982	11.234	11.257	11.335	3.10632944
	10.02	0.88913566	0.5813	-1.9984	4.2035	7.9610	9.766	10.349	10.939	10.891	10.974	11.061	11.301	11.317	11.392	3.10651827
	10.02	0.88974226	0.5816	-2.0867	4.1822	7.9640	9.987	10.496	11.056	10.984	11.061	11.138	11.365	11.374	11.446	3.10672975
	10.02	0.89042193	0.5818	-2.1738	4.1611	7.9669	10.204	10.641	11.173	11.075	11.146	11.214	11.427	11.429	11.499	3.10696626
	10.02	0.89118308	0.5821	-2.2597	4.1403	7.9698	10.419	10.779	11.288	11.167	11.229	11.287	11.487	11.481	11.549	3.10723090
	10.02	0.89203519	0.5825	-2.3448	4.1196	7.9727	10.632	10.909	11.400	11.259	11.311	11.356	11.543	11.529	11.595	3.10752630
	10.02	0.89298964	0.5828	-2.4290	4.0992	7.9754	10.843	11.029	11.508	11.349	11.387	11.420	11.594	11.573	11.637	3.10785675
	10.02	0.89405864	0.5832	-2.5122	4.0790	7.9781	11.050	11.141	11.612	11.440	11.464	11.482	11.643	11.615	11.678	3.10822582
	10.02	0.89525700	0.5837	-2.5942	4.0591	7.9808	11.256	11.264	11.729	11.545	11.552	11.554	11.697	11.661	11.722	3.10863853
	10.02	0.89616829	0.5840	-2.6500	4.0456	7.9827	11.395	11.354	11.817	11.625	11.619	11.608	11.738	11.696	11.754	3.10895181
	10.02	0.89716780	0.5844	-2.7071	4.0317	7.9848	11.538	11.454	11.918	11.720	11.699	11.673	11.786	11.736	11.791	3.10929441
	10.02	0.89815015	0.5848	-2.7586	4.0193	7.9867	11.666	11.548	12.014	11.810	11.774	11.735	11.830	11.773	11.826	3.10963035
	10.02	0.89920712	0.5852	-2.8104	4.0067	7.9887	11.796	11.646	12.115	11.905	11.854	11.800	11.877	11.813	11.862	3.10999107
	10.02	0.90036011	0.5856	-2.8620	3.9943	7.9906	11.925	11.750	12.223	12.007	11.941	11.871	11.927	11.855	11.900	3.11038351
	10.02	0.90172434	0.5862	-2.9178	3.9808	7.9928	12.064	11.870	12.350	12.127	12.042	11.957	11.987	11.904	11.944	3.11084652
	10.02	0.90340120	0.5868	-2.9796	3.9658	7.9951	12.219	12.006	12.491	12.261	12.156	12.052	12.053	11.958	11.993	3.11141372
	10.02	0.90541786	0.5876	-3.0463	3.9496	7.9978	12.386	12.154	12.645	12.406	12.280	12.155	12.125	12.017	12.046	3.11209321
	10.02	0.90767008	0.5884	-3.1125	3.9336	8.0005	12.551	12.317	12.806	12.553	12.406	12.262	12.201	12.077	12.099	3.11284804
	10.02	0.91018492	0.5894	-3.1788	3.9175	8.0033	12.717	12.483	12.969	12.701	12.532	12.370	12.276	12.137	12.152	3.11368656
	10.02	0.91299361	0.5904	-3.2451	3.9015	8.0062	12.883	12.650	13.133	12.849	12.658	12.476	12.351	12.197	12.205	3.11461759
	10.02	0.91344750	0.5906	-3.2488	3.9006	8.0065	12.892	12.659	13.142	12.857	12.666	12.482	12.355	12.201	12.208	3.11476731
	10.02	0.91543072	0.5914	-3.2230	3.9070	8.0070	12.828	12.594	13.078	12.800	12.617	12.441	12.327	12.179	12.189	3.11542058
	10.02	0.91716981	0.5920	-3.1952	3.9139	8.0073	12.758	12.524	13.010	12.738	12.564	12.397	12.297	12.155	12.168	3.11599088
	10.02	0.91869903	0.5926	-3.1658	3.9212	8.0075	12.684	12.449	12.937	12.672	12.508	12.351	12.264	12.129	12.146	3.11649060
	10.02	0.92004633	0.5931	-3.1342	3.9290	8.0074	12.606	12.371	12.860	12.602	12.449	12.300	12.229	12.101	12.122	3.11692929
	10.02	0.92115122	0.5935	-3.1037	3.9365	8.0073	12.529	12.295	12.785	12.535	12.391	12.251	12.195	12.074	12.098	3.11728811
	10.02	0.92280477	0.5941	-3.0818	3.9420	8.0076	12.474	12.241	12.732	12.486	12.350	12.216	12.171	12.056	12.081	3.11782360
	10.02	0.92445749	0.5947	-3.0634	3.9466	8.0080	12.429	12.196	12.687	12.446	12.315	12.187	12.151	12.040	12.068	3.11835694
	10.02	0.92624491	0.5954	-3.0486	3.9503	8.0086	12.391	12.159	12.651	12.413	12.287	12.164	12.135	12.028	12.057	3.11893129
	10.02	0.92821467	0.5961	-3.0362	3.9535	8.0094	12.360	12.132	12.623	12.386	12.265	12.145	12.123	12.018	12.048	3.11956191
	10.02	0.93062752	0.5970	-3.0270	3.9559	8.0105	12.338	12.112	12.602	12.367	12.249	12.132	12.114	12.011	12.042	3.12033033
	10.02	0.93331730	0.5980	-3.0268	3.9561	8.0120	12.337	12.111	12.601	12.367	12.249	12.132	12.115	12.012	12.043	3.12118244
	10.02	0.93789208	0.5996	-3.0453	3.9519	8.0150	12.383	12.153	12.644	12.407	12.284	12.162	12.137	12.030	12.060	3.12261987
	10.02	0.94352543	0.6017	-3.0907	3.9412	8.0190	12.497	12.263	12.754	12.508	12.370	12.236	12.189	12.073	12.098	3.12437057
	10.02	0.95063806	0.6043	-3.1735	3.9214	8.0245	12.704	12.468	12.957	12.692	12.528	12.371	12.285	12.150	12.167	3.12655044
	10.02	0.95988899	0.6077	-3.3108	3.8885	8.0323	13.047	12.833	13.303	12.999	12.792	12.593	12.443	12.277	12.278	3.12933612
	10.02	0.97239208	0.6122	-3.5282	3.8361	8.0436	13.590	13.497	13.889	13.491	13.212	12.947	12.700	12.486	12.454	3.13301468
	10.02	0.99016196	0.6186	-3.8659	3.7548	8.0603	14.435	15.077	15.184	14.573	14.188	13.828	13.383	13.022	12.972	3.13807940
	10.02	0.99877208	0.6217	-4.0359	3.7138	8.0687	14.860	16.021	15.860	15.077	14.609	14.184	13.630	13.188	13.113	3.14046693
	10.02	1.00838828	0.6252	-4.0706	3.7060	8.0748	14.946	16.223	16.001	15.187	14.701	14.263	13.686	13.226	13.147	3.14308310
	10.02	1.02926934	0.6328	-4.1303	3.6930	8.0877	15.096	16.579	16.253	15.386	14.866	14.404	13.788	13.297	13.209	3.14858246
	10.02	1.06198001	0.6444	-4.2026	3.6778	8.1070	15.276	17.015	16.563	15.636	15.071	14.580	13.916	13.388	13.290	3.15672874
	10.02	1.09837997	0.6566	-4.2939	3.6577	8.1261	15.505	17.585	16.991	15.977	15.344	14.805	14.084	13.521	13.405	3.16517949
	10.02	1.10944164	0.6598	-4.3344	3.6482	8.1308	15.606	17.847	17.190	16.134	15.467	14.905	14.157	13.581	13.455	3.16762900
	10.02	1.11542153	0.6615	-4.3520	3.6442	8.1332	15.650	17.957	17.278	16.203	15.522	14.949	14.190	13.612	13.481	3.16893148
	10.02	1.12043643	0.6629	-4.3625	3.6418	8.1352	15.676	18.021	17.330	16.244	15.554	14.975	14.210	13.631	13.497	3.17001200
	10.02	1.12457371	0.6641	-4.3689	3.6404	8.1368	15.692	18.060	17.361	16.269	15.574	14.991	14.223	13.642	13.507	3.17089581
	10.02	1.13384533	0.6667	-4.3730	3.6400	8.1409	15.702	18.077	17.376	16.282	15.585	15.001	14.232	13.651	13.515	3.17285085
	10.02	1.14316702	0.6694	-4.3608	3.6437	8.1452	15.672	17.987	17.306	16.229	15.545	14.971	14.211	13.633	13.501	3.17478204
	10.02	1.15279210	0.6721	-4.3446	3.6484	8.1496	15.632	17.870	17.214	16.158	15.493	14.930	14.183	13.607	13.482	3.17674088
	10.02	1.16248238	0.6748	-4.3463	3.6487	8.1542	15.636	17.869	17.215	16.161	15.496	14.935	14.188	13.612	13.487	3.17867732
	10.02	1.17275572	0.6776	-4.3658	3.6446	8.1591	15.684	17.984	17.308	16.235	15.555	14.983	14.226	13.648	13.518	3.18069267
	10.02	1.17830181	0.6792	-4.3805	3.6413	8.1618	15.721	18.074	17.380	16.293	15.600	15.020	14.254	13.674	13.540	3.18176484
	10.02	1.18370306	0.6805	-4.3916	3.6388	8.1637	15.749	18.143	17.435	16.336	15.635	15.047	14.275	13.694	13.557	3.18279886
	10.02	1.18734026	0.6813	-4.4021	3.6364	8.1649	15.775	18.209	17.489	16.378	15.667	15.074	14.295	13.712	13.572	3.18348932
	10.02	1.19098830	0.6822	-4.4150	3.6333	8.1661	15.808	18.291	17.554	16.429	15.707	15.106	14.319	13.735	13.591	3.18417716
	10.02	1.19465876	0.6830	-4.4380	3.6277	8.1674	15.865	18.438	17.672	16.521	15.779	15.163	14.362	13.775	13.624	3.18486476
	10.02	1.19952393	0.6842	-4.4742	3.6189	8.1691	15.955	18.672	17.860	16.667	15.892	15.253	14.428	13.842	13.682	3.18576908
	10.02	1.20477152	0.6854	-4.5118	3.6098	8.1709	16.049	18.915	18.056	16.818	16.010	15.346	14.497	13.913	13.745	3.18673563
	10.02	1.20807862	0.6862	-4.5303	3.6053	8.1720	16.096	19.033	18.152	16.892	16.067	15.392	14.530	13.949	13.776	3.18734026
	10.02	1.21134269	0.6869	-4.5419	3.6026	8.1732	16.125	19.107	18.211	16.938	16.103	15.420	14.552	13.971	13.796	3.18793344
	10.02	1.21598804	0.6880	-4.5551	3.5996	8.1749	16.158	19.197	18.281	16.992	16.145	15.453	14.576	13.996	13.819	3.18877172
	10.02	1.28463042	0.7043	-4.5120	3.6141	8.2002	16.050	18.845	18.009	16.792	15.999	15.347	14.509	13.924	13.760	3.20039248
	10.02	1.30208063	0.7090	-4.5545	3.6045	8.2073	16.156	19.107	18.221	16.958	16.130	15.452	14.589	14.007	13.834	3.20312929
	10.02	1.31464601	0.7123	-4.5916	3.5960	8.2123	16.249	19.408	18.437	17.117	16.254	15.548	14.658	14.079	13.900	3.20504880
	10.02	1.32404888	0.7148	-4.6192	3.5896	8.2159	16.318	19.690	18.622	17.248	16.355	15.623	14.710	14.133	13.951	3.20645833
	10.02	1.33114290	0.7167	-4.6378	3.5854	8.2187	16.364	19.879	18.745	17.335	16.422	15.673	14.746	14.169	13.985	3.20750666
	10.02	1.33664405	0.7181	-4.6505	3.5825	8.2207	16.396	20.007	18.829	17.394	16.468	15.708	14.770	14.194	14.009	3.20831108
	10.02	1.34685099	0.7208	-4.6358	3.5868	8.2249	16.360	19.827	18.714	17.317	16.410	15.667	14.744	14.168	13.985	3.20978355
	10.02	1.35699689	0.7235	-4.5968	3.5972	8.2291	16.262	19.379	18.428	17.118	16.261	15.560	14.674	14.095	13.917	3.21122241
	10.02	1.36313677	0.7251	-4.5665	3.6052	8.2317	16.186	19.126	18.244	16.984	16.158	15.482	14.621	14.039	13.867	3.21208143
	10.02	1.36526239	0.7256	-4.6000	3.5969	8.2323	16.270	19.399	18.442	17.130	16.271	15.568	14.682	14.102	13.924	3.21237683
	10.02	1.36736763	0.7262	-4.6331	3.5887	8.2328	16.353	19.757	18.674	17.292	16.394	15.659	14.743	14.166	13.983	3.21266818
	10.02	1.36919188	0.7266	-4.6534	3.5837	8.2334	16.404	19.976	18.815	17.391	16.470	15.714	14.780	14.204	14.019	3.21291995
	10.02	1.37162971	0.7273	-4.6732	3.5788	8.2341	16.453	20.188	18.953	17.487	16.543	15.768	14.817	14.242	14.055	3.21325517
	10.02	1.46217835	0.7504	-4.6542	3.5890	8.2695	16.405	19.798	18.720	17.341	16.445	15.711	14.796	14.219	14.037	3.22481298
	10.02	1.48199654	0.7554	-4.6682	3.5866	8.2769	16.441	19.914	18.798	17.399	16.492	15.748	14.825	14.248	14.065	3.22712970
	10.02	1.49784398	0.7594	-4.6912	3.5818	8.2827	16.498	20.134	18.944	17.503	16.573	15.810	14.869	14.294	14.108	3.22893214
	10.02	1.50831389	0.7620	-4.7154	3.5763	8.2865	16.559	20.378	19.104	17.617	16.661	15.876	14.915	14.342	14.153	3.23009944
	10.02	1.51569486	0.7638	-4.7325	3.5724	8.2892	16.601	20.577	19.222	17.700	16.729	15.924	14.950	14.376	14.187	3.23091125
	10.02	1.52114701	0.7651	-4.7459	3.5694	8.2911	16.635	20.745	19.317	17.766	16.785	15.961	14.979	14.404	14.214	3.23150516
	10.02	1.52529466	0.7662	-4.7553	3.5672	8.2926	16.658	20.862	19.384	17.812	16.824	15.988	14.999	14.424	14.233	3.23195386
	10.02	1.52845359	0.7669	-4.7596	3.5663	8.2937	16.669	20.912	19.412	17.833	16.841	16.000	15.008	14.433	14.242	3.23229384
	10.02	1.53091300	0.7676	-4.7605	3.5662	8.2945	16.671	20.918	19.416	17.836	16.844	16.002	15.010	14.435	14.244	3.23255730
	10.02	1.53954470	0.7697	-4.7162	3.5778	8.2978	16.561	20.329	19.078	17.604	16.655	15.876	14.922	14.347	14.160	3.23347449
	10.02	1.55014253	0.7723	-4.7088	3.5803	8.3018	16.542	20.228	19.015	17.562	16.625	15.856	14.910	14.335	14.148	3.23458481
	10.02	1.57264221	0.7780	-4.7166	3.5796	8.3100	16.561	20.269	19.046	17.587	16.647	15.876	14.927	14.352	14.166	3.23688555
	10.02	1.58508778	0.7811	-4.7277	3.5775	8.3145	16.589	20.368	19.112	17.636	16.686	15.906	14.949	14.375	14.188	3.23812652
	10.02	1.59519875	0.7836	-4.7435	3.5741	8.3182	16.629	20.529	19.215	17.709	16.744	15.949	14.981	14.407	14.218	3.23911810
	10.02	1.60198200	0.7853	-4.7610	3.5701	8.3206	16.673	20.749	19.339	17.795	16.817	15.998	15.018	14.443	14.254	3.23977494
	10.02	1.60683644	0.7865	-4.7748	3.5670	8.3223	16.707	20.922	19.437	17.864	16.874	16.037	15.047	14.472	14.281	3.24024105
	10.02	1.61048198	0.7874	-4.7860	3.5643	8.3236	16.735	21.064	19.518	17.920	16.922	16.069	15.070	14.495	14.304	3.24058890
	10.02	1.61330891	0.7881	-4.7949	3.5623	8.3245	16.757	21.178	19.583	17.965	16.959	16.094	15.089	14.513	14.322	3.24085736
	10.02	1.61551178	0.7886	-4.7995	3.5612	8.3253	16.769	21.234	19.615	17.987	16.978	16.107	15.099	14.523	14.332	3.24106574
	10.02	1.61727393	0.7891	-4.8008	3.5610	8.3258	16.772	21.248	19.623	17.993	16.983	16.110	15.102	14.526	14.334	3.24123192
	10.02	1.61846638	0.7894	-4.8052	3.5599	8.3263	16.783	21.305	19.655	18.015	17.002	16.123	15.111	14.535	14.343	3.24134421
	10.02	1.61946917	0.7896	-4.8034	3.5604	8.3266	16.779	21.279	19.640	18.005	16.994	16.118	15.107	14.531	14.340	3.24143839
	10.02	1.62030745	0.7898	-4.8017	3.5609	8.3269	16.774	21.254	19.627	17.996	16.986	16.113	15.104	14.528	14.336	3.24151707
	10.02	1.62101102	0.7900	-4.8001	3.5613	8.3271	16.770	21.231	19.614	17.987	16.979	16.108	15.101	14.525	14.333	3.24158311
	10.02	1.62161064	0.7901	-4.7987	3.5617	8.3274	16.767	21.210	19.603	17.980	16.972	16.104	15.098	14.522	14.331	3.24163914
	10.02	1.62212753	0.7903	-4.7974	3.5621	8.3275	16.763	21.191	19.592	17.972	16.966	16.100	15.095	14.519	14.328	3.24168754
	10.02	1.62256300	0.7904	-4.7961	3.5624	8.3277	16.760	21.173	19.582	17.966	16.961	16.097	15.092	14.517	14.326	3.24172831
	10.02	1.62293231	0.7905	-4.7949	3.5628	8.3278	16.757	21.156	19.572	17.959	16.955	16.093	15.090	14.514	14.323	3.24176264
	10.02	1.62325859	0.7905	-4.7937	3.5631	8.3279	16.754	21.139	19.563	17.953	16.950	16.090	15.088	14.512	14.321	3.24179316
	10.02	1.62353849	0.7906	-4.7927	3.5633	8.3280	16.752	21.125	19.555	17.947	16.946	16.087	15.085	14.510	14.319	3.24181938
	10.02	1.62379384	0.7907	-4.7917	3.5636	8.3281	16.749	21.111	19.547	17.942	16.941	16.084	15.083	14.508	14.317	3.24184322
	10.02	1.62401843	0.7907	-4.7908	3.5638	8.3282	16.747	21.098	19.540	17.937	16.937	16.081	15.082	14.506	14.315	3.24186420
	10.02	1.62421787	0.7908	-4.7900	3.5641	8.3283	16.745	21.087	19.534	17.933	16.934	16.079	15.080	14.504	14.314	3.24188280
	10.02	1.62439978	0.7908	-4.7891	3.5643	8.3283	16.743	21.075	19.527	17.928	16.930	16.076	15.078	14.503	14.312	3.24189973
	10.02	1.62871242	0.7918	-4.7565	3.5727	8.3301	16.661	20.623	19.275	17.756	16.787	15.983	15.011	14.437	14.248	3.24230051
	10.02	1.64081681	0.7943	-4.7511	3.5747	8.3337	16.648	20.526	19.223	17.722	16.759	15.967	15.001	14.427	14.238	3.24341178
	10.02	1.64785957	0.7958	-4.7551	3.5740	8.3358	16.658	20.565	19.247	17.739	16.774	15.978	15.009	14.436	14.247	3.24404955
	10.02	1.65201652	0.7966	-4.7651	3.5717	8.3370	16.683	20.691	19.318	17.789	16.816	16.006	15.031	14.456	14.267	3.24442291
	10.02	1.65552986	0.7974	-4.7766	3.5690	8.3381	16.711	20.839	19.402	17.847	16.864	16.039	15.055	14.480	14.290	3.24473691
	10.02	1.65794587	0.7979	-4.7882	3.5662	8.3388	16.740	20.990	19.487	17.906	16.914	16.072	15.079	14.504	14.313	3.24495173
	10.02	1.65969288	0.7982	-4.7967	3.5641	8.3393	16.762	21.101	19.549	17.949	16.950	16.096	15.097	14.521	14.330	3.24510670
	10.02	1.66100371	0.7985	-4.8022	3.5628	8.3396	16.775	21.172	19.590	17.977	16.973	16.111	15.108	14.533	14.341	3.24522257
	10.02	1.66200912	0.7987	-4.8055	3.5620	8.3399	16.784	21.215	19.614	17.994	16.987	16.121	15.115	14.539	14.348	3.24531150
	10.02	1.66277635	0.7989	-4.8056	3.5620	8.3401	16.784	21.216	19.614	17.994	16.988	16.121	15.116	14.540	14.348	3.24537921
	10.02	1.66337121	0.7990	-4.8038	3.5625	8.3403	16.779	21.189	19.600	17.984	16.979	16.116	15.112	14.536	14.345	3.24543166
	10.02	1.66527331	0.7994	-4.7700	3.5711	8.3410	16.695	20.730	19.343	17.808	16.832	16.019	15.042	14.468	14.278	3.24559879
	10.02	1.66591513	0.7996	-4.7916	3.5656	8.3409	16.749	21.023	19.507	17.920	16.926	16.081	15.087	14.511	14.321	3.24565530
	10.02	1.71026921	0.8132	-4.7476	3.5800	8.3618	16.639	20.334	19.117	17.661	16.723	15.953	15.006	14.431	14.244	3.24942899
	10.02	1.72085810	0.8143	-4.7473	3.5803	8.3635	16.638	20.322	19.110	17.657	16.721	15.952	15.006	14.431	14.245	3.25029588
	10.02	1.72900534	0.8151	-4.7575	3.5780	8.3647	16.664	20.427	19.178	17.706	16.758	15.980	15.025	14.451	14.263	3.25095415
	10.02	1.73473048	0.8157	-4.7725	3.5744	8.3655	16.701	20.592	19.283	17.779	16.815	16.021	15.054	14.480	14.291	3.25141239
	10.02	1.73858035	0.8161	-4.7833	3.5718	8.3661	16.728	20.733	19.362	17.834	16.861	16.052	15.076	14.502	14.313	3.25171828
	10.02	1.74212253	0.8165	-4.7978	3.5682	8.3666	16.764	20.924	19.469	17.908	16.923	16.093	15.106	14.532	14.342	3.25199866
	10.02	1.74400222	0.8167	-4.8038	3.5668	8.3669	16.780	21.003	19.514	17.939	16.948	16.110	15.119	14.544	14.354	3.25214672
	10.02	1.74541700	0.8168	-4.8080	3.5658	8.3671	16.790	21.058	19.545	17.960	16.966	16.122	15.128	14.553	14.362	3.25225806
	10.02	1.74615061	0.8169	-4.8089	3.5655	8.3672	16.792	21.069	19.551	17.964	16.970	16.124	15.130	14.554	14.364	3.25231552
	10.02	1.74674106	0.8169	-4.8084	3.5657	8.3673	16.791	21.062	19.548	17.962	16.968	16.123	15.129	14.554	14.363	3.25236201
	10.02	1.74720943	0.8170	-4.8073	3.5660	8.3673	16.788	21.047	19.539	17.956	16.963	16.120	15.126	14.551	14.361	3.25239873
	10.02	1.74758172	0.8170	-4.8060	3.5663	8.3674	16.785	21.028	19.529	17.949	16.957	16.116	15.124	14.549	14.358	3.25242782
	10.02	1.79644787	0.8304	-4.8344	3.5624	8.3874	16.856	21.268	19.677	18.061	17.056	16.192	15.188	14.612	14.421	3.25613189
	10.02	1.79671955	0.8305	-4.8340	3.5625	8.3875	16.855	21.263	19.675	18.059	17.055	16.191	15.187	14.612	14.421	3.25615191
	10.02	1.79694927	0.8305	-4.8338	3.5626	8.3876	16.854	21.259	19.672	18.058	17.054	16.190	15.187	14.611	14.420	3.25616860
	10.02	1.79714549	0.8306	-4.8336	3.5627	8.3877	16.854	21.256	19.671	18.057	17.053	16.190	15.187	14.611	14.420	3.25618315
	10.02	1.79731500	0.8307	-4.8334	3.5627	8.3877	16.854	21.254	19.669	18.056	17.052	16.189	15.186	14.611	14.419	3.25619555
	10.02	1.79746330	0.8307	-4.8333	3.5628	8.3878	16.853	21.252	19.668	18.055	17.051	16.189	15.186	14.610	14.419	3.25620627
	10.02	1.79759514	0.8307	-4.8332	3.5628	8.3878	16.853	21.250	19.667	18.054	17.051	16.189	15.186	14.610	14.419	3.25621605
	10.02	1.79771006	0.8308	-4.8330	3.5629	8.3879	16.853	21.247	19.666	18.053	17.050	16.188	15.185	14.610	14.419	3.25622439
	10.02	1.79780984	0.8308	-4.8328	3.5629	8.3879	16.852	21.244	19.664	18.052	17.049	16.188	15.185	14.609	14.418	3.25623178
	10.02	1.79789913	0.8308	-4.8325	3.5630	8.3879	16.851	21.240	19.662	18.051	17.048	16.187	15.184	14.609	14.418	3.25623822
	10.02	1.79797971	0.8308	-4.8323	3.5630	8.3880	16.851	21.237	19.660	18.049	17.047	16.186	15.184	14.608	14.417	3.25624418
	10.02	1.79805338	0.8309	-4.8320	3.5631	8.3880	16.850	21.233	19.658	18.048	17.045	16.185	15.183	14.608	14.417	3.25624967
	10.02	1.79811597	0.8309	-4.8317	3.5632	8.3880	16.849	21.230	19.656	18.047	17.044	16.185	15.183	14.607	14.416	3.25625420
	10.02	1.79816329	0.8309	-4.8316	3.5632	8.3880	16.849	21.227	19.655	18.046	17.044	16.184	15.182	14.607	14.416	3.25625753
	10.02	1.79821908	0.8309	-4.8313	3.5633	8.3880	16.848	21.223	19.652	18.044	17.042	16.183	15.182	14.606	14.415	3.25626159
	10.02	1.79836047	0.8309	-4.8349	3.5624	8.3881	16.857	21.272	19.680	18.063	17.058	16.194	15.190	14.614	14.423	3.25627208
	10.02	1.79847538	0.8310	-4.8330	3.5629	8.3882	16.853	21.245	19.665	18.053	17.050	16.188	15.186	14.610	14.419	3.25628042
	10.02	1.79861391	0.8310	-4.8306	3.5635	8.3882	16.846	21.212	19.646	18.040	17.039	16.181	15.180	14.605	14.414	3.25629067
	10.02	1.79873788	0.8311	-4.8282	3.5641	8.3883	16.841	21.181	19.629	18.028	17.029	16.175	15.176	14.600	14.409	3.25629973
	10.02	1.79884613	0.8311	-4.8261	3.5646	8.3883	16.835	21.152	19.613	18.017	17.020	16.169	15.171	14.596	14.405	3.25630760
	10.02	1.79894090	0.8311	-4.8242	3.5651	8.3884	16.830	21.125	19.598	18.007	17.011	16.163	15.167	14.592	14.401	3.25631452
	10.02	1.79902375	0.8311	-4.8224	3.5656	8.3884	16.826	21.101	19.584	17.998	17.003	16.158	15.164	14.588	14.398	3.25632048
	10.02	1.79909623	0.8312	-4.8207	3.5660	8.3884	16.822	21.078	19.572	17.989	16.996	16.153	15.160	14.585	14.394	3.25632596
	10.02	1.79915988	0.8312	-4.8192	3.5664	8.3885	16.818	21.058	19.560	17.981	16.990	16.149	15.157	14.582	14.391	3.25633049
	10.02	1.79921567	0.8312	-4.8178	3.5667	8.3885	16.815	21.039	19.550	17.974	16.984	16.145	15.154	14.579	14.389	3.25633454
	10.02	1.79926479	0.8312	-4.8166	3.5671	8.3885	16.811	21.022	19.540	17.967	16.978	16.141	15.151	14.577	14.386	3.25633812
	10.02	1.79930782	0.8312	-4.8154	3.5674	8.3885	16.808	21.006	19.531	17.961	16.973	16.138	15.149	14.574	14.384	3.25634122
	10.02	1.79934573	0.8312	-4.8143	3.5676	8.3885	16.806	20.991	19.523	17.955	16.968	16.135	15.147	14.572	14.382	3.25634408
	10.02	1.79937899	0.8312	-4.8133	3.5679	8.3885	16.803	20.978	19.515	17.950	16.964	16.132	15.145	14.570	14.380	3.25634646
	10.02	1.79999995	0.8314	-4.7958	3.5724	8.3891	16.760	20.738	19.381	17.859	16.888	16.082	15.109	14.535	14.345	3.25639176
	10.02	1.80144131	0.8318	-4.8212	3.5661	8.3895	16.823	21.076	19.571	17.989	16.997	16.154	15.161	14.586	14.396	3.25649691
	10.02	1.98622370	0.8776	-4.8859	3.5611	8.4575	16.985	21.457	19.834	18.205	17.195	16.323	15.315	14.739	14.547	3.26848841
	10.02	1.99366629	0.8793	-4.8892	3.5607	8.4600	16.993	21.484	19.851	18.218	17.207	16.332	15.322	14.746	14.555	3.26891637
	10.02	1.99684119	0.8801	-4.8910	3.5604	8.4611	16.998	21.500	19.861	18.225	17.213	16.337	15.326	14.750	14.559	3.26909781
	10.02	1.99897563	0.8805	-4.8922	3.5602	8.4618	17.000	21.510	19.867	18.230	17.217	16.340	15.329	14.753	14.561	3.26921940
	10.02	2.00000000	0.8808	-4.8923	3.5602	8.4621	17.001	21.510	19.867	18.230	17.217	16.340	15.329	14.753	14.562	3.26927757
	10.02	2.12302709	0.9147	-4.9063	3.5657	8.5144	17.036	21.306	19.792	18.206	17.212	16.367	15.374	14.798	14.608	3.27576518
